-4.169721996230651 -5.999818708160711 -4.365755063194547 -5.996416681099176
-4.0463618642661565 -6.023447191194805 -4.181798053349582 -5.782786759438756
-3.9006019970753583 -6.1130911007787665 -4.000406266600501 -5.5536106662961835
-3.7074812293043418 -6.1035964651087244 -3.8227548717291384 -5.338816626294734
-3.5327958312160788 -5.886288378798253 -3.637087110170949 -5.092623552600308
-3.3798230193008454 -5.4934484735078914 -3.4587567965625485 -4.857707151000679
-3.244902321444576 -5.033786209430416 -3.2950732028103036 -4.601692104732442
-3.0931774597289854 -4.768911498850878 -3.1101027520127165 -4.38165028956124
-2.9937731784722197 -4.73454428035899 -2.9362342286397856 -4.14658044596879
-2.8872723146726242 -4.692790816856553 -2.7545264748129483 -3.9143508679397065
-2.7713003215385306 -4.410303437848917 -2.5638693951287026 -3.6753186487117326
-2.585409347775931 -4.01864459685158 -2.3827034576690487 -3.4553183363137863
-2.4575693183634497 -3.7484460028241697 -2.203540071176062 -3.2173622646739464
-2.2533690079044906 -3.3972182346942574 -2.0183073830265514 -2.9653479352471446
-2.131575643922466 -3.160496910618121 -1.8416998775586586 -2.7323125849017638
-2.047188189463933 -2.9261613910639253 -1.6715264345669165 -2.501899800804177
-1.9502884215729739 -2.6555268444920634 -1.4857965486367053 -2.245470230698058
-1.818152236914503 -2.3624011448264426 -1.3203119312330736 -2.0089974139012536
-1.5531195926047525 -2.028484632738452 -1.1414344308860118 -1.7542507201412867
-1.3978410474801117 -1.7276406983288752 -0.967848738072586 -1.5085475814332678
-1.2119401042805247 -1.453509257035772 -0.8017476534325422 -1.2732717493936865
-0.9521978961089753 -1.2005210063563838 -0.6280683370249406 -1.028780247697586
-0.6748546806300173 -0.968547982006553 -0.4476753813967053 -0.7751127783504888
-0.46968825565697625 -0.7410639728795338 -0.28031025688216393 -0.5407390651620757
-0.31247000513707357 -0.4769988314393474 -0.09829682423214503 -0.28643863725675545
-0.17092661012871105 -0.21616030746814907 0.07643748668327108 -0.0431709749378541
-0.015192791202525889 0.039058280646429626 0.2516472184978877 0.20003334047214563
0.14820477422978506 0.29372603672664105 0.4278051778504621 0.44388230045563415
0.2904854477617077 0.5491318308065449 0.6038225944496215 0.686693814722223
0.46567408091455376 0.7890052419750531 0.7731836590566691 0.9196538972074966
0.6802649669920258 0.9691303758771956 0.9213903218944632 1.1232994072967042
0.8981373087667238 1.179145986599252 1.1087769284117084 1.375170189991935
1.0153887316504597 1.4126769301983415 1.256753841088782 1.5745665350252782
1.2494999768852173 1.6000702423546924 1.4386008914601842 1.8129376357130873
1.3608971153260865 1.8862430755186448 1.6196192623701284 2.0517533012542786
1.5212377667529533 2.0455238372140103 1.736135445077102 2.2061613624931407
1.7032604106864608 2.266459663744028 1.929743881183704 2.4445297207911074
1.8472653156264784 2.514212617435484 2.1138045251934137 2.665815090248947
2.0679945111575533 2.7086430030313537 2.265722248477802 2.8561322255801858
2.1342505822887303 2.8226130379348957 2.3412757038205605 2.9216862326190576
2.17439485757515 2.8562810108373906 2.3638936882777166 2.9321414137256707
2.2114078905869476 2.903115276024297 2.449822104408973 3.0073293912726893
2.2511959967958717 2.9250513987250963 2.4607324843429668 3.0146015109440523
2.3289817856892947 3.0011893126458604 2.543738410963898 3.1152824685840885
2.3892111688012734 3.048776046138625 2.622123379094332 3.1868866680237153
