-2.8805750436536215 -5.999818707504805 -2.216896367029601 -5.430897740399939
-2.239667063718544 -6.017407401763212 -2.1670320800998746 -5.140022297900578
-1.9555052482469093 -6.192928643499661 -2.1240199886001694 -4.8477664492472865
-1.9462645127277158 -5.462624916592631 -2.069945899378435 -4.553362107177346
-1.909961960201823 -4.820307172323029 -2.003168872337374 -4.262657157065933
-1.8781559522328193 -4.4944614701631265 -1.982490093497203 -4.152112874632536
-1.871383529172417 -4.347458603863883 -1.9357184658518973 -3.8732715462279548
-1.9051391633192605 -4.229437841161062 -1.8881679624770047 -3.5747339146160115
-1.9313965816350962 -4.053863705281091 -1.8487729386479423 -3.2854419028637296
-1.9180463338315092 -3.709398427001375 -1.7931799325447824 -2.9881440519664126
-1.8466627717078363 -3.2844340150935305 -1.7348430319607835 -2.6963899447479793
-1.73516943556753 -2.877978523744433 -1.6675658169470309 -2.4626058323693356
-1.6728990899972132 -2.6994569244508826 -1.6662210393340577 -2.348720163303584
-1.6783397482546194 -2.4831385018607133 -1.637319990993252 -2.061781825223245
-1.7526133050051202 -2.304309313579829 -1.5948354961069342 -1.765627761700927
-1.8399343383142004 -2.1115366586442583 -1.5543340429912496 -1.4770629330911667
-1.8596840864853768 -1.8156486420623477 -1.519395095596811 -1.1788059899844998
-1.7950539995139119 -1.4385646362609317 -1.4751767412308274 -0.8845298855475326
-1.6865677495396765 -1.051163933833705 -1.4195070690240956 -0.5907873218037226
-1.6406758183613057 -0.730027053944621 -1.3625699179046011 -0.29993850139848155
-1.626454245160222 -0.44069503079749167 -1.3010344085288852 -0.04058368883971199
-1.5458724742102767 -0.25185348157012116 -1.2969614393126174 0.08210722023619028
-1.3759402998368606 -0.05548747044290896 -1.2678601494383834 0.21356724950377054
-1.2751487516568465 0.12324093441144329 -1.230777266599133 0.35797727773021293
-1.329484624696202 0.2450340480114106 -1.2385314159903678 0.4988841445374318
-1.3056587194669822 0.2847650739925076 -1.2352412050635777 0.5144740800284237
-1.2385852351300863 0.3979546975926791 -1.1826674929148764 0.6420020569290936
-1.1852574604339545 0.5021175933048152 -1.1972054271561878 0.7621254016680984
-1.188562346483019 0.5493027472498542 -1.1960386337787103 0.7743734729802101
-1.2384539031581605 0.6528840827479415 -1.1441178574628945 0.9279031579393122
-1.2294584334026082 0.6916838658680338 -1.1422576987627309 0.9489866120596615
-1.2076895403895422 0.8082649375037521 -1.1477615151580347 1.061539504074652
-1.2009181395804105 0.9136510336162424 -1.089189625338727 1.1973835256927832
-1.199389931649811 0.9821051509825052 -1.0864612911150269 1.2187982093776304
