-4.57322044380233 -5.9998186965590845 -4.229611440938323 -5.5154524712262925
-4.146273424716072 -6.065557197073659 -4.154630240558693 -5.241154482779826
-3.856713376302248 -6.442473939015992 -4.0929768917549865 -4.958368620297652
-3.8862925243821005 -5.561689997420283 -4.038055130934151 -4.680412103187006
-3.8637835365560838 -4.7269296077149585 -4.009559582025618 -4.512402196318473
-3.8296733306947135 -4.4878517725011475 -3.9425405651028065 -4.2304268978328805
-3.8744010348221654 -4.6199011991523875 -3.868035081541929 -3.9317409526757827
-3.870601981087295 -4.549213998235357 -3.8003520171258445 -3.657361247406616
-3.8361910517402324 -4.205432471890969 -3.7380155372555444 -3.3696300261066687
-3.8073041477933756 -3.8556925012942846 -3.679948145970096 -3.0938461401932025
-3.8139643195535533 -3.686812723198917 -3.6666183161683565 -2.992807435397487
-3.7211596221054006 -3.3889819948248636 -3.5886040580796013 -2.8646547150134447
-3.5316401601160465 -3.0425564479939813 -3.506467209808093 -2.668767182820842
-3.433780142273124 -2.868220370694957 -3.513041022460512 -2.617795810320247
-3.4249767931609743 -2.7638783181566096 -3.4801606460908006 -2.54393550970065
-3.473044796944264 -2.7619200134717357 -3.4427498500405016 -2.381430690318467
-3.58742464692232 -2.6909965052988127 -3.4078532413474716 -2.1023030634543147
-3.620687167191505 -2.484351936333649 -3.2994583020631496 -1.82531096089708
-3.560211745895983 -2.143298253609999 -3.2487815480044997 -1.575500179780725
-3.4875790098289627 -1.7800691327894413 -3.1925156389758382 -1.2842047891271438
-3.4201711400520667 -1.450261352035937 -3.1050294491784216 -0.9967709931340086
-3.333564509737282 -1.1158600943367536 -3.0218889426981823 -0.7164092009440732
-3.245980969681772 -0.7975659754517941 -2.9220873996346604 -0.4406400823077731
-3.117147233217646 -0.5029122509687681 -2.8256682053473963 -0.17750726637509803
-2.965022979577789 -0.18865663619217354 -2.716367373604574 0.10331834380829871
-2.821322227058151 0.09768295648533012 -2.608954798546847 0.36510662180294595
-2.766502376025517 0.3796779388036412 -2.505350699812892 0.6336178445966997
-2.755638704055054 0.5943116238809879 -2.414126074298201 0.8158931026879559
-2.6876115660850095 0.8222404201617379 -2.315786610173223 1.0745423610657685
-2.4827762585340967 1.1113243453176327 -2.2408634661839146 1.3587088565408063
-2.26163795108648 1.3736417481030383 -2.125174547595352 1.6317112735020565
-2.1619161949131582 1.51335125962967 -2.0880260817940317 1.6957900717438392
-2.1143951294751884 1.6603716216162718 -2.028858729932374 1.8803507810799513
-2.127995173717255 1.7042020500565558 -2.028512281079619 1.9160203485932827
-2.107240690031877 1.8351333682400481 -1.958013359890483 2.039390627524441
-2.0606938598873734 1.9606273610214122 -1.9341558398923542 2.196302518975865
-2.0223209633318513 2.027988943333577 -1.919907192948791 2.2291881443076775
-1.9572008092240505 2.1490946641957827 -1.867509955434005 2.363361193080983
-1.9307457929034553 2.2474557212989428 -1.8399573110142513 2.4682795520534673
-1.9424650532225383 2.29212706183085 -1.8296485294847253 2.4783528951327325
-1.9136185184475496 2.442998720857194 -1.7565253874962055 2.6042562252264805
