-1.4569816551104937 -5.9998247309198804 -1.6407772290467166 -6.001485651522484 0.0 0.0004332486520812428 0.0 -0.00028252189951803595
-1.462829795323948 -6.039193325066406 -1.640064014234953 -6.001251333259724 -0.0012995867141009343 -0.00015438056301724374 -0.008748576477005717 0.00101985841176853
-1.5236785804877773 -6.1051726818455885 -1.6406520595976861 -6.001674068893772 -0.1520438314242152 -0.00010350949692459718 -0.14688960041136917 0.0006878817656131616
-1.550990217520981 -6.235486772905493 -1.6414919936794818 -6.00418663914226 -0.020878620714787563 0.0013976604049967922 -0.2908818952684105 0.010990815125410135
-1.5379030070956876 -6.315740200744875 -1.640720954408781 -6.002945203533216 0.027981037592487934 7.894722659368055e-05 -0.13746457682091515 -0.00016280365999172226
-1.544702473974963 -6.255343789395206 -1.639922012259631 -6.0034464146952065 -0.02757189187264475 0.00016493159427964638 0.16614607772511714 0.0018486641187722805
-1.5552570039104305 -6.091283668227059 -1.6403400097767749 -6.003170376042189 -0.014562295931696681 -0.0006457952927135899 0.3611464509083061 0.006982669989983559
-1.5474292850705107 -6.030859507544503 -1.6404760487771903 -6.003396400826182 0.024999402931445334 0.0005274621699497056 0.06957614366919036 0.003986386750079729
-1.51896907483111 -6.08064340074989 -1.640795723622981 -6.005037151824655 0.0667327982883549 0.016970437633917253 -0.11196576614746623 -0.023229777719751463
-1.475430003836112 -6.190697832041383 -1.6402555741740747 -6.00556304948145 0.09656642062930754 0.00011800889693301892 -0.2420970404894921 -0.001116641371663164
-1.482434136154369 -6.196669393482798 -1.641527333640891 -6.0059597540441025 -0.03876669205915669 -0.002036551081900281 0.040328081223538655 0.012951795479590007
-1.4893611715741026 -6.068930320598343 -1.641161477118425 -6.006130023628709 0.0016499076532065057 -0.020684963398308734 0.29115240790762653 -0.031572542172347985
-1.499369599118372 -5.951115479536652 -1.643565666198416 -6.0052589133986745 -0.030081056202264162 -0.022587847438390873 0.21938095008036487 0.0024300402551718538
-1.4849440192922656 -5.938514759961207 -1.6417138863760334 -6.00555474230214 0.043159345959356304 1.3474676990845287e-05 -0.0050239256868878646 -0.0010010404831196982
CAUGHT 18.049035827
-4.212141069866542 -5.99994079393443 -1.1490730366372714 -4.3028928567781275 0.0 0.2994539834823277 0.0 -0.007344185688368213
-1.884352125175242 -6.107111878140849 -1.0768842898721502 -4.019251654782096 0.5172864321536222 0.29920873846217527 -0.023815796490315334 -0.008774431778728844
-1.0450499489725105 -5.98090805369266 -0.9929247144831989 -3.72741230205807 0.8742530646307504 0.29952537316553945 0.38027293132370177 -0.011530023714858229
-0.8827841080156348 -4.2236625953012075 -0.9085755454901608 -3.4495643521513 0.38637691860585943 0.3032231777142838 4.377706031862665 -0.019976133115074735
-0.7824920786577805 -3.39663840812662 -0.8191793408802064 -3.168724250255266 0.7268714035884771 0.3003516513786556 0.8034099984299814 -0.009490337142773142
-0.753689364900599 -3.36329022120833 -0.7316775848228738 -2.892405271018633 0.3568087230256758 0.2995299942201118 0.16056182616726114 -0.004650690677691388
-0.7719551882921067 -3.248818004986242 -0.6538478622070758 -2.6084422478846845 0.23929405486092742 0.16663558734144765 0.27829776259623296 0.05242112921818352
-0.7192976724272959 -2.9343988153373233 -0.5694336642265044 -2.3287540148246246 0.3159384176711944 0.2995445826486657 0.6387390977672059 -0.010720649797644477
-0.6449919557722602 -2.5849976755511404 -0.48136008460978336 -2.044417549713537 0.2538685862070692 0.2995085056081065 0.6283345985249721 -0.024556577807959987
-0.49932745529951733 -2.175043483225561 -0.3875147313539672 -1.7535788344512777 0.4058390705754741 0.29898550727422163 0.835719041798348 -0.0064018057537226225
-0.44629412851081124 -1.8771006385165891 -0.3012240226501375 -1.4750935044097981 0.08527357926984683 0.2993843590910067 0.5070856811639226 -0.021083944792765735
-0.5436766726438312 -1.7341292031873392 -0.20805194652094272 -1.198930620633219 -0.22092611159889142 0.18617189501967152 0.2275952536583466 0.06725661557226933
-0.5061349179061856 -1.4287110133104253 -0.1336473564668703 -0.9238497734196749 0.17365304738994455 0.30616068521076717 0.7035935002576955 0.053422076778990246
-0.3419373113627887 -1.0319815150161933 -0.05585623578909587 -0.6330345921057092 0.350334038795011 0.3580609603961274 0.77913774340713 0.03250273514678889
-0.2269845962775066 -0.7461619202855507 0.0173125170595229 -0.4398753179359486 0.20142979348053408 0.0001688285760040956 0.5138545552437823 0.0010043054326610938
-0.16187946120804975 -0.6461928818479332 0.09207362132097811 -0.33157221458032576 0.13476629082113015 0.3108420289331386 0.12663215572487266 -0.04995821091475533
-0.1398299555408563 -0.5382449446914389 0.09645373560569305 -0.2501793515489552 0.029962390390884244 -0.014134073489522636 0.23639659195934817 0.0346980007388952
-0.09308151048803148 -0.43027816193124896 0.1456444085645722 -0.1381858962338895 0.11259284246763034 0.05614136381285048 0.17071084639984047 0.002743131280335074
-0.0007215105141239186 -0.3843083137229119 0.1498458274728153 -0.13730070700280067 0.19533804602734248 0.04028852236036641 0.039880799351851466 0.06307875713293887
0.05102093665686423 -0.23655606434371662 0.19033854806881317 0.04256166132280538 0.07359978742854037 0.19908382812274825 0.34252408620389374 0.013281246628107125
0.07172438261096012 -0.1395370265273148 0.2006054834620784 0.055596228523005144 0.03735458839406067 0.0025360988414086325 0.12178170979705076 0.006602658582970887
0.06821325597914546 -0.001323057428284001 0.19926351710604503 0.17164209515846357 -0.02340826207137143 0.0897422488081923 0.32058137092671357 0.0004906919843978529
-0.007725366160236578 0.178203618749501 0.21937245160712937 0.2533188193123967 -0.19630966353026957 0.17602528290007055 0.35912419384335886 -0.09472088651731733
CAUGHT 29.610221556
-1.4440438794623485 -5.999878452215421 -1.6412318076813475 -5.953417771248588 0.0 -0.010205632088359623 0.0 -0.030343445014525974
-1.4436923536312434 -6.062119865998021 -1.6406148078075367 -5.950481609398559 7.811685135666452e-05 0.0004370501465662865 -0.013831425285022084 0.00011897984031897165
-1.5063311075508075 -6.145615172000683 -1.6392929899926276 -5.952968034104652 -0.15998404616547587 0.02580400353874067 -0.17912535134959576 -0.020702197860873843
-1.5297076480239 -6.265374297925224 -1.6397464943164353 -5.950760668188744 -0.0074783197072805195 0.0003972075436387846 -0.25570142195517814 0.0016938291483710717
-1.5318085215394177 -6.33401832964852 -1.6393885991174293 -5.95280487972842 -0.014294825142502021 0.00023260013455192897 -0.12568427625298656 0.016864977394862493
-1.5190630628837327 -6.303255710740062 -1.63967400840763 -5.951116828622506 0.03733173762601387 0.0029448501287047124 0.08473711806045733 -0.008797458742264444
-1.5436251366343416 -6.190055361378031 -1.6395298099819668 -5.952878728313941 -0.07147146178024662 0.0002085179595012048 0.25186888452548234 0.001129078926334287
-1.5539825026145402 -5.952016668513286 -1.6395347631930846 -5.953884861801393 0.00024801553125467727 -0.0008575259139388994 0.548718746944072 0.011664928913846321
-1.5357035365736933 -5.848509555211143 -1.6417421004356412 -5.953890221184258 0.04419259204311307 -0.006272166120592464 0.1345770506182681 -0.0212845850724384
-1.5124529243304594 -5.9840075272142474 -1.6402180987768529 -5.9546906896726695 0.048679542184567784 0.0005113942237217766 -0.3399827011042159 0.00011350559898909971
-1.4856014269541735 -6.089493914417506 -1.6409445985439302 -5.955911532208102 0.060754701472280535 0.00011525767755771275 -0.16569172025216355 0.014289646396769901
-1.467503268996466 -6.122029330197586 -1.6419580569396333 -5.955688140438345 0.03481469599108331 -0.02085344566915444 -0.07598944955716366 -0.03077075061785002
-1.4812795287619342 -6.067709196937539 -1.6405582947430133 -5.956124533026071 -0.040026378347200714 0.0006512678976786769 0.13368552531539352 0.0020467957744001023
-1.508774036337037 -5.966212533067579 -1.6417688853757217 -5.956751937722208 -0.05722967135736865 -0.01590789440409162 0.21102370798328782 0.006315262228692518
-1.4979703669933804 -5.918378779190006 -1.6428585028183953 -5.9568350152057175 0.0390389481287246 -0.021493145624623837 0.07373455692770138 0.008923831692515451
CAUGHT 17.229737391
-2.505510463245934 -5.998035500691645 -1.5917525040262466 -5.708955187321145 0.0 -0.0014392419411467493 0.0 -0.0006596379487386131
-1.7160977018537515 -5.655377165222864 -1.5661914911942132 -5.58181942055467 0.1754250580871517 0.31228095760562935 0.07614629677084025 0.05781233624011778
-1.4753375713200751 -5.5849966538474085 -1.5188060774407737 -5.462012483724183 0.184571619311252 0.3226897799537039 -0.006938605929977002 -0.07675485113000693
-1.3725886713070787 -5.649018725446437 -1.5003913411751684 -5.308217796131637 0.29037550410241963 0.22170453903269177 -0.12442130680556751 0.0007824408029300511
-1.3279970421833935 -5.780589066431523 -1.4621696134277649 -5.09887988733641 0.21758686699794133 -0.017216816295541882 -0.22392181314066215 0.0009006301465678285
-1.29060561286757 -5.593225061596352 -1.4433379794960888 -5.003872875583062 0.21320402005038613 0.28971008799905684 0.6069063950238089 0.07240106350159439
-1.3054154809149499 -5.154887989038983 -1.4482113038742157 -4.8767071454488615 0.03234915561124411 -0.007609977702289534 0.9873099386095636 -0.0015645535165539522
-1.3165523137450357 -4.882791900772532 -1.4251863105295461 -4.719542119965528 0.05312882683925623 0.03864939338594665 0.5039441315659918 -0.012885032219823735
-1.3328127353856847 -4.98053159333612 -1.4215372522703653 -4.712481966692064 -0.0096438087651258 0.0550819440039311 -0.28602386153411796 -0.03204393506847994
-1.3594386420343694 -5.071120633380047 -1.403064359776496 -4.504997707631962 -0.03694838315588773 0.29105201209637327 -0.09949197137334062 -0.0018780257793008445
-1.3694818034094893 -4.916126201238136 -1.334710884222727 -4.313219256214502 -0.002012838742171259 0.25389438657542085 0.39170363314380063 -0.057756839910459226
-1.3696939843576388 -4.615208004095392 -1.3170866890011517 -4.017205933543922 0.004725723110948104 0.2984452529837394 0.6299011339778052 0.004284786942201267
-1.4140834909308557 -4.308091668778489 -1.293913136982273 -3.739550216439988 -0.11097147993016825 0.3121023225016732 0.6246072907346526 0.022415550662242177
-1.4419148010741643 -3.9253355722488963 -1.2793461240414863 -3.4458286822464355 -0.0358456830862357 0.33053606701320387 0.8466319684685923 -0.0016400069255234767
-1.3871139645220236 -3.528015228752248 -1.2564279958881441 -3.2200748979966316 0.14498497597521762 0.00632660692486269 0.8169268107014926 0.005683593223259225
-1.3544343740218487 -3.3748450790940283 -1.2512268874156613 -3.0635329329583385 0.04150614209261139 0.2846426755496745 0.20613995352364467 -0.013299403658797032
-1.3694226659433981 -3.2831642109604897 -1.2256731207370888 -3.002582693246583 -0.03577959271615398 0.035969388700956395 0.21192413372901087 0.051286203192511384
-1.3931931953429582 -3.1235686272542753 -1.2206615559856717 -2.83818269089166 -0.044248387261547714 0.03223455089804276 0.32628275378780913 0.0028659780769944446
-1.3893659008694852 -2.9564336510281723 -1.197344803380448 -2.7894480249709495 0.019754284336767406 0.2882171187703596 0.30566149800336373 -0.010359311396520646
CAUGHT 22.006397888
-2.165678049854353 -5.999818706778597 -1.5969514920195387 -5.1269841897198445 0.0 0.2994519185877758 0.0 -6.423218412618002e-05
-1.6152960217073355 -6.057350578257257 -1.600582848053886 -4.833531211338713 0.12230711736600386 0.3659616597181786 -0.01278486032859118 0.0062768935315729475
-1.5022381582887734 -5.870003232109931 -1.6030028815252426 -4.700554323862943 -0.01111471748163654 0.2716778320953254 0.5092367654662583 0.00023468858569724096
-1.498552473933648 -5.068147554134612 -1.5761419701991939 -4.406671018459338 0.07379184653759867 0.2191480352268248 1.8864113472244994 -0.005076076998575995
-1.4356318240539296 -4.33629777204662 -1.556516939455559 -4.109326034995978 0.2627058153683155 0.29366471314806153 1.3334464833340658 -0.0013761011698294155
-1.466712116356807 -4.244079229288251 -1.5248801793327973 -3.8135423768404597 -0.03969497569090312 0.29969799989431506 -0.022669066805312582 0.0009471557984626205
-1.5530468033765839 -4.304148798494632 -1.4917027312626487 -3.5265010982004212 -0.10677595115894614 0.2887644521260007 -0.06693782024368393 0.00608042367371487
-1.5065218170496524 -3.8694601428542885 -1.4549313455092017 -3.226014500328637 0.20403134435046827 0.3109415917160744 1.0819702009168322 0.016229577987355855
-1.4908367744040778 -3.5286190802848987 -1.4222305797462282 -2.9406713825012964 0.007385541214867248 0.30563939783768707 0.4905627692245322 -0.021975591056846048
-1.562990857385841 -3.3371952894636787 -1.4011320519082782 -2.640118450038232 -0.1495835558109948 0.29913959733745743 0.3788382963038635 0.004418614671759307
-1.5755814777377402 -2.9946215773544305 -1.3892666388091166 -2.3434307804850243 0.027185570949321294 0.30155900150923287 0.7695430840754551 0.005124466291333174
-1.3776964575531392 -2.418458912850889 -1.3803484570475493 -2.059916062999436 0.49698400343873533 0.2983645750051876 1.2437525380168581 0.0003456359099940475
-1.393650565659552 -2.1060190557209126 -1.3866877822028887 -1.765215189669831 -0.17682566674309963 0.3023152764251268 0.461821869088133 0.013721104504307777
-1.5136832686271178 -1.8745423271219392 -1.388472175094479 -1.4627308485253507 -0.21374304436236052 0.32827260120353646 0.5186623990884188 0.06913727481103361
-1.4346844526246851 -1.5078571352511816 -1.3821744109867289 -1.1708994463002007 0.25374648655730786 0.2995274988600921 0.7849846158275064 -0.011738849387421764
-1.5258045085986844 -1.2376805975698941 -1.3755021449700993 -0.867266462417005 -0.3300650821385783 0.34230446334659237 0.452930667844588 -0.12418701101568602
-1.622636904271104 -0.9952118578796906 -1.3823694489735994 -0.5613868313723469 -0.1385232388054784 0.29911827563258686 0.49985371332274214 0.0007191007469019564
-1.648980960959876 -0.7014289827553044 -1.3723250975371775 -0.2666028705127134 -0.05315969956348539 0.3034740211086837 0.5959393144515496 0.047886658942159335
-1.6130748987044528 -0.34664650409239106 -1.3728540802412381 0.030316382672772833 0.09413084345496046 0.29931644920238115 0.7277839199947091 -0.00043747141012668526
-1.5627239078941555 -0.009816662202618016 -1.3697928584508805 0.3245523896268991 0.10152146340462485 0.30051120437080353 0.6552841771080192 -0.004293872506229393
-1.5902317408050834 0.2789965677905775 -1.3697606829504754 0.6240693384611361 -0.08613381683599508 0.31782388514093296 0.5661566273820328 0.0060502885358542785
-1.5800740018498611 0.5880755836301033 -1.381454444502194 0.9039730460795048 0.06515797037355141 0.3156055796781061 0.6386267009737804 0.21980056007208792
-1.476038159055369 0.9362485275396163 -1.3817304863369273 1.2180015913160025 0.2454155870118316 0.2991305633900997 0.7089927971959356 -0.0017302939009002432
-1.4063331486024138 1.2381107363004669 -1.3829679990114405 1.5031579181137367 0.11443509942028465 0.2997518093127271 0.5743081271790977 -0.0064349322074184175
-1.4268632627707432 1.5010708194565874 -1.3887828895743364 1.712289634977236 -0.06509367975213931 -0.015059496484989972 0.5191943209815475 0.05883955659292929
-1.4397861988741847 1.6205318716701511 -1.3978376481826553 1.869678804002288 -0.005814234196064059 0.2898309142405088 0.1551076018526043 0.011641501146669439
-1.4764870234451002 1.857632976459706 -1.3367836071112913 2.151912239367899 -0.10267462846294671 0.14235440307564126 0.5556836402939722 0.023818900930864265
-1.4892452005136352 2.162945368595579 -1.3020496457334318 2.44508968496189 -0.010688255161367762 0.29969894566536226 0.5885684090612693 -0.012158174716850885
-1.4489498273890158 2.468040762588264 -1.26671500165405 2.736491167176275 0.09397984787419962 0.30008556508862366 0.6125595051897925 -0.010900466149420078
-1.399723083054027 2.7782188898116393 -1.240880813718277 3.025818189621692 0.09594536945501238 0.3199996580711625 0.6297744373445981 -0.004284763950772749
-1.3666273464818557 3.0671521294556046 -1.2443852660200638 3.3169140127660133 0.06503118615405597 0.29911688333823194 0.5729766974846946 0.0268598853353322
-1.2987938552837435 3.3443190905129017 -1.246881565595512 3.6069739399024394 0.16418685899399726 0.3017379872625154 0.558716844844537 0.014588021027695254
-1.2157800717627263 3.6285105490637544 -1.2205775118886957 3.8981059270752296 0.17080690282428707 0.32570119687138605 0.5741371996889486 -0.004994888381019136
-1.174914983979014 3.939122403211803 -1.1896503139136991 4.206839936818478 0.0665496612117617 0.1893818973983812 0.6343801586833291 0.00978872038953096
-1.19946059122913 4.240707725579018 -1.177489320940432 4.499833795918298 -0.07228128951939089 0.19504731408011353 0.5945156300584944 -0.019848053750640565
CAUGHT 37.542558136
-1.4746369888854542 -5.999853105347056 -1.6068745104655158 -5.84468655484444 0.0 0.004469200948716509 0.0 -0.01771196931867882
-1.4111545136874108 -6.040572965096924 -1.5905360174401038 -5.676432939444406 0.0141072167106763 -0.013990904814359533 -0.00904885772219284 -0.008760066177405098
-1.4479053150088312 -6.077970940297945 -1.575617490123521 -5.495101986120744 -0.12830033000936145 0.29670826980462417 -0.07324253007070333 -0.004502783586348785
-1.4327175774373655 -6.031146367790035 -1.557386700044353 -5.45446971671877 0.08814882705060831 0.03308136882247632 0.13985677342653557 0.04897391204449501
-1.3927612462857772 -5.8332569888724946 -1.5246130409479863 -5.341135677557848 0.08134680683924367 0.007817443123681822 0.45220156826753 -0.01199075548679149
-1.3763299914233311 -5.560845574466032 -1.5209659357478342 -5.34708087676109 0.0387687725847192 0.05078758664258679 0.5715072681985577 -0.07140609834164784
-1.3847623254854307 -5.339072519158436 -1.4928853853609416 -5.184737203712241 -0.014253056253942648 0.033531965726972555 0.43651686567782977 -0.013547563923284047
-1.3665641404966633 -5.273136069160633 -1.489463145235664 -5.167983910522891 0.06157342581677827 0.19332538572185592 0.08401263067681305 -0.0516772422815962
-1.3205914189722319 -5.336239173579061 -1.4647051616008564 -5.060186806808998 0.10297045289068676 -0.013789693505907228 -0.1643492779358629 0.0029871629516828218
-1.3732016188057135 -5.403999192471102 -1.4717244007000514 -4.963823913980649 -0.15871550257978106 0.2841657818203876 -0.14207104618603472 0.01960096152149409
-1.3911398519310023 -5.314240921823813 -1.4252033728809494 -4.840516544113643 0.007977040391390706 0.013716521358316995 0.23202024532074061 0.020040879180572013
-1.3563392088050836 -5.1243541856289685 -1.4198938232952474 -4.723160104691332 0.07386298581018397 0.30438917502405 0.38766313009313963 -0.029927014613421402
-1.3259487248011697 -4.974953673302748 -1.42344801673739 -4.667789283960898 0.05498183268642556 -0.00931769032438989 0.27752752240428996 -0.0015184921638743516
-1.3625916236693403 -4.871744303239316 -1.390899137171237 -4.536604839950321 -0.10380040109719607 0.30728496301499214 0.2101982953103494 -0.051422468146755634
-1.4228954437997885 -4.79934165519837 -1.3259451439543044 -4.3875397680404165 -0.12031681729339022 0.297357993185607 0.1405624099879459 -0.06064565913566485
-1.6270194334802448 -4.515848823723513 -1.331089988799797 -4.094933278703853 -0.49938585914047756 0.28900740965357724 0.6925633695243057 0.014931233491519225
TARGET LOST
-1.708666694812697 -3.8591812565309715 -1.2570938155982165 -3.496030623063166 -0.07858283849806152 0.2992510853896698 1.4857052526117989 -0.0020864497986394885
-1.5646380187771014 -3.39754973385285 -1.2317530356719903 -3.21454791301039 0.3533839525284674 0.2750862281699875 0.800549964166104 0.013199204715026223
-1.293374479287206 -3.1444103469623 -1.1997604441163363 -2.907105324456457 0.5930516115778274 0.2993662669578795 0.5242433621576769 0.0011280701690731393
-1.0786266428575437 -2.9236902447807496 -1.1665012878597905 -2.612529718835518 0.42229384265097314 0.29959769803773545 0.4570057839396255 0.00042857774252421516
-1.0073965359658683 -2.630639858979692 -1.1311573716506642 -2.3238074664754933 0.12183884267553605 0.27625775705178546 0.6176035671750547 0.040091384560248314
-1.0187393625736199 -2.3021759173770544 -1.0912752794787342 -2.023558881902506 -0.02698357326061304 0.29598137182384004 0.6487292386835459 0.0014581977740368846
-1.0909217287093405 -1.9940825520891505 -1.0634124274362582 -1.7361658080464428 -0.17793773574631477 0.319979435511783 0.6013964494565196 -0.007066251964349353
-1.1991545426019978 -1.7110762857536173 -1.0323905325979563 -1.4413739957338536 -0.24754149438925752 0.3464527200373788 0.5571994148656683 0.013589672905542806
-1.2491796867680434 -1.4632668030116587 -1.016146674425606 -1.3119714402434863 -0.08995043484230242 0.21726994253828652 0.4767850916526528 -0.022755847951776938
-1.1953566655290309 -1.208807017898571 -0.9500030842203658 -1.1285781002993909 0.13099711269512831 0.07093005284121198 0.5130655616706954 -0.01571503701516986
CAUGHT 30.058231182
-2.713592747633175 -5.999818697912145 -1.4792421057849139 -5.72297844999883 0.0 0.0995876538125213 0.0 0.05294037056884158
-1.6352394381495672 -6.055670203807071 -1.3424952069135532 -5.447113583698597 0.23963406877413515 0.3358717794397434 -0.012411445754427866 0.028314227420238633
-1.1945266196677424 -6.165859455938753 -1.2123202960196162 -5.189716567599441 0.5374084501496305 0.2129659763299198 -0.2506996535903851 0.03540775618950487
-1.0115272139634663 -5.645404808939508 -1.0862844836306487 -4.917531817510636 0.41252368332689526 0.29717544357214976 1.4132298434967163 0.002144717139807073
-0.8997081229646251 -5.039687195102442 -0.9843117802419251 -4.657859435561082 0.44336658924082406 0.3814190569965707 1.099409031972019 0.02861201085897011
-0.7993289088414695 -4.706915989676217 -0.864116600074689 -4.391941456384405 0.3750459868785386 0.3000495560060637 0.6327528332758885 -0.002086831380394838
-0.7655599432805895 -4.6831539261250255 -0.7525784628999614 -4.1259936622290265 0.16415867246526725 0.3011398452665716 -0.040482301185272934 -0.02040328279368564
-0.7598680595798794 -4.7349486706242665 -0.6289048558883414 -3.848399028969171 0.09236531476756929 0.29948582551264163 -0.09987995708824832 -0.00938080891902561
-0.7036822614121835 -4.315018934689189 -0.508738156549696 -3.580193256574412 0.1848484643864546 0.299818998119153 1.0588338695147879 -0.006053898774184191
-0.6142525287508872 -3.8742049218066663 -0.3934735006236477 -3.313108804183762 0.21048410547983862 0.29911320286101123 0.7718559361427806 -0.010562574788067616
-0.4744021733341642 -3.516218956731047 -0.29601029118386024 -3.0640743970009634 0.32531551115462565 0.3435463312401871 0.7438630929694295 0.04199267786026677
-0.350264807350971 -3.172284805359466 -0.17642449232416954 -2.7827256784083225 0.2467276791450211 0.3560775141413993 0.706094145314587 0.034297480874158154
-0.4149070931869359 -3.002906562345062 -0.06460302652023237 -2.520948249497739 -0.2128801485566985 0.30227051551608053 0.2560591746619249 0.006715951040752177
-0.40900023169939387 -2.689224230281748 0.054937082325604604 -2.23875829831242 0.08906373302565107 0.299714717187646 0.7451053881579343 -0.008080663280914446
-0.31906710828416196 -2.3363252231600886 0.16282423057655798 -1.9717844802835276 0.17708767464075256 0.30353492860019493 0.6655577587776296 -0.008445218838642521
-0.06976940790105603 -1.9707860120944736 0.2736045367065397 -1.7103622721036469 0.5827960195880865 0.31630608348106704 0.757012590609585 0.004285055377325667
0.10553513291219567 -1.6413322703556996 0.3930880285620556 -1.42636278804174 0.2899799508462481 0.30090955412535897 0.638224700187665 -0.017968348052372893
0.26067913714563257 -1.3551435749708653 0.497150194638561 -1.1598918574031496 0.3557013220361203 0.1956939075097293 0.5665663350817988 -0.010122611044458454
0.4241559240903615 -1.1564309374957489 0.5740546636245322 -0.9633705908617213 0.3338426845638521 0.27922945571248986 0.3510413870144914 0.04393762575582354
0.5848615820052745 -0.9530280666486857 0.6918533456596668 -0.6862638349828409 0.32937578405558365 0.29895344774839167 0.41610393603091445 -0.014136865568172008
0.6830044891736525 -0.6871961817548792 0.8033755263394322 -0.43213750372226967 0.16468541673264314 0.2984146190284979 0.5405096478184617 -0.004486698315826099
0.7214581733406468 -0.3701061382959151 0.9069189697796273 -0.1607137409310333 0.05533954297078154 0.3015335640562155 0.6434098750954771 0.03863037876284152
0.7727306656783248 -0.08690901550070462 1.0367950207044452 0.11112235089461305 0.10504536046766261 0.3023758685366193 0.5421014364136472 -0.0035702959767057313
0.9277340165648784 0.18973687842579914 1.149721036941669 0.3734605837562698 0.34812158844615704 0.18681740014568282 0.5662636376493995 0.04811075052900985
1.0750568874065518 0.3368930252871791 1.1960016382736163 0.47992911794925885 0.26530786975291304 0.04913673046767549 0.2188546847962284 0.01367956861671806
CAUGHT 27.419498965
-3.039810456113215 -5.9998271511746495 -1.4998815105290844 -5.720200439273 0.0 0.36872536969590036 0.0 -0.09373860137326102
-1.7744533120454205 -6.045600845228267 -1.3965516454223452 -5.439125811277884 0.2811904764595099 0.2415663780054099 -0.01017193201191501 0.034108310879043674
-1.307059589702277 -6.0957054754083195 -1.290421998330425 -5.1590770380466004 0.5037011860765666 0.3085994720902511 -0.1029070802260559 -0.006915190678588062
-1.092670082532163 -5.75950992527983 -1.17694875097597 -4.892400628635881 0.5248497554382914 0.298199250839707 0.8924412697231345 -0.0029435303976422106
-0.9713752381824753 -5.074876826988909 -1.0575818221874258 -4.624267447404579 0.4734890262006918 0.2995030040455474 1.4727257240880935 -0.008255828690897651
-0.9011961449482433 -4.794519119743667 -0.9482489347983063 -4.362078908302024 0.33509345575241095 0.1971707226351517 0.3507427051072429 0.05997067661659322
-0.8960977656011443 -4.848242125271362 -0.8350622754211586 -4.083231295752006 0.1330521582067214 0.3022433245997182 -0.13012559038355015 -0.011457370562022368
-0.8438694270765627 -4.562130688688576 -0.7135000763226669 -3.813783524290875 0.23612740980546215 0.2995728084740772 0.7801107654840602 -0.002891209722698282
-0.7375779379830024 -4.105021004829554 -0.6084034846680217 -3.5546176485247694 0.2815488456193784 0.39637548211556173 0.8971619790608937 0.06322766035932688
-0.6247236953253636 -3.72015682522076 -0.4955199390437142 -3.2811375022792615 0.26253518365122863 0.221595221765477 0.7486438797372326 0.08596219741064948
-0.5374688853265276 -3.4571157991550505 -0.37800623632204233 -3.018181202898722 0.18892294607156765 0.3017665369968926 0.49942241057708675 -0.01506761608069325
-0.4948822937211006 -3.1920414866558042 -0.25512679774831515 -2.7447022279710622 0.08185526464547982 0.2990203177998976 0.5606643002669783 -0.011714455248144753
-0.5029037457377007 -2.963781303624846 -0.14907058067228676 -2.4744542141593495 -0.032323234780522014 0.3011704197151573 0.4205149973173896 -0.008596554694504016
-0.41738881845130177 -2.619583355596048 -0.02156022009467634 -2.21274557667834 0.22647385428563455 0.356072079707465 0.7587134534509556 -0.003713319746193322
-0.28322283152936123 -2.265072544406554 0.10056085043613469 -1.9462429424776857 0.2659748198656353 0.2931061721230535 0.6788699868335778 -0.000582956468985929
-0.10846538573420014 -1.9330562016343245 0.2108771186424034 -1.6783664598804138 0.3801967457329302 0.2995083124815164 0.6720628364794068 -0.009677939571713992
0.030336616864833844 -1.619243245523331 0.32421577134619917 -1.395694358265078 0.2614215237615884 0.313665369253293 0.6244075713635069 0.01563983803961544
0.2347735887625971 -1.3423765449010112 0.4375849630686013 -1.125762145720789 0.47168411127180365 0.2995242960287682 0.539751925526649 -0.009036706252800869
0.4565156764229024 -1.0972461231216013 0.5398794559392951 -0.8481757609851355 0.4437636324604754 0.3555885305708236 0.4764433096678162 -0.006277126751845524
0.5978034394502204 -0.852766040966222 0.6796676181913026 -0.5880476182926023 0.2569501134659708 0.29946719030594926 0.48476022738026076 -0.023480707603746126
0.6432111074496634 -0.5547832235005765 0.799851479637097 -0.3255504353921553 0.05970810409798484 0.29599992799062147 0.6148662062450743 -0.014993105889731559
0.6887581555094894 -0.2884679432377493 0.9142617272039626 -0.07390394304718591 0.09705527066856784 0.300323464210354 0.4986503725575189 -0.006295789410100852
0.7842400006672521 0.010067357204810262 1.0285264731027315 0.20595842913203333 0.1954987662469234 0.10765015711550888 0.6278927821079815 0.051241695651691135
0.9169495149751418 0.27302693078287477 1.1278618982838655 0.4680621468835078 0.266732462106648 0.29948023729510126 0.49259230204881127 -0.005301816035704857
1.0805527743868215 0.5127340929923506 1.2209160470771923 0.7467031953480553 0.33858865694443535 0.30412120170469703 0.4811145309900719 -0.010825189311333153
1.2603633768662854 0.7565351540930946 1.3167590256580646 1.008615373291781 0.3695353161476586 0.31534070663611363 0.48511437846374555 0.020930760350676134
1.456624013878137 1.0186680333605158 1.431940070282443 1.298121816084826 0.4100066335436842 0.2995760221953814 0.5289850710140117 -0.013254938883444964
1.5499464860159842 1.344034751682108 1.5303883703154317 1.560257078375177 0.1353336098724885 0.3041234110965145 0.6803340785602547 -0.013826942331654365
CAUGHT 30.278362707
-2.153674757867237 -5.99981870029384 -1.5253027786617361 -5.605887485290067 0.0 -0.002324457696537895 0.0 0.014501285991893221
-1.5831422439180889 -6.057630647918005 -1.5291063626097656 -5.534304371993006 0.12678500309981072 0.1692348175292583 -0.01284709947203666 -0.009286348137628866
-1.3899904099808364 -5.985394895186187 -1.4760346400502178 -5.421057731475275 0.1822403851056993 0.0327307872505971 0.2157371638392177 -0.008899406148015035
-1.3220175832059975 -5.855991768523833 -1.4692851669827833 -5.33690829311048 0.1776716086584091 0.19104465575211477 0.2552194789014387 -0.0401767436088974
-1.307793626786636 -5.664800806123424 -1.46126674576544 -5.320275627761103 0.12413967362613658 -0.042363512436654066 0.416481204286192 0.014437771109248713
-1.2857364010654542 -5.430625351953277 -1.4082206122007481 -5.17793132245871 0.14825508825313055 0.22057271917729498 0.4873135099475854 -0.012939887431819619
-1.2718039106956958 -5.330760724741577 -1.3966608599445325 -5.162729810956094 0.08481726800394358 0.013881900352616407 0.13535899621652164 0.0028151084105080063
-1.2786517090466298 -5.369609414325486 -1.397473151771528 -5.020542633646862 0.023066850737506167 -0.005207470817207908 -0.11579063741272339 -0.0009759012148702555
-1.2991208022963567 -5.403254336674188 -1.3889318806023394 -4.946921928248852 -0.019702070339748724 0.30545035424906813 -0.06260182086007038 0.06770698024037439
-1.308274289822193 -5.260525125277489 -1.3676420846056783 -4.89484981448737 0.0022766290533576504 0.07074294788182345 0.3507102113370566 0.09975598084214249
-1.2624335746507642 -5.108563672701461 -1.3362685439389081 -4.761256760742605 0.1252301168516034 0.22847306619330468 0.26261493079303944 -0.007978843013344734
-1.2455903032860591 -5.004664730251128 -1.3158849899462048 -4.689625742854714 0.012793831977058441 0.25776094404027405 0.2046004709860288 -0.038177320979364944
-1.2657599177136236 -4.916130674936912 -1.2742666623888748 -4.559413049226135 -0.04227773384377154 0.12626382606680642 0.18088363804056606 -0.016775319023346887
-1.2857642775862588 -4.855919902841525 -1.25302483453412 -4.407636899951737 -0.0362110821257507 -0.02194337084895845 0.10745430907809982 -0.008213076361277069
-1.4182948167093157 -4.741145831729295 -1.2181720018963045 -4.296615682416201 -0.33461096561526277 0.2576916841756821 0.2642614726769979 0.03932089830098105
-1.4959958847176924 -4.541461778398808 -1.212367643708903 -4.261857898075322 -0.10858215600750193 0.04361000808816025 0.4310143937264237 0.02432674602186064
TARGET LOST
-1.505896652230778 -4.111649541245195 -1.1694698787023627 -3.90189155847198 -0.02157534887973307 0.03408305496947637 0.9876118186547377 0.048233958454505524
-1.4485110477645335 -3.791151274271205 -1.1763832895299595 -3.7484282245085576 0.14550035599124683 -0.015153405404639508 0.5622709660201243 -0.0005447362129070794
CAUGHT 22.974977058
-2.144747553183909 -5.999818749903847 -1.6009763402288164 -5.680051592837899 0.0 -0.006854396329441171 0.0 -0.0077285798289551885
-1.6151705135843408 -6.05819182840741 -1.5695880846473904 -5.542051092197074 0.11768378657768185 0.020590589630851402 -0.012971795223014018 -9.249292747447874e-05
-1.4642075298928166 -6.142714601940115 -1.5713244105505408 -5.508483955373704 0.09690446065548398 0.22418701192270735 -0.1838516584658457 -0.017091275672335864
-1.3866651714727931 -6.049057056641715 -1.5561255022562348 -5.404046364126758 0.22576483813744425 0.02910741543305812 0.2945489099850691 -0.0008048097064376823
-1.3902037284621023 -5.787163863193578 -1.5262491074271887 -5.266405088764302 0.048673462013312324 -0.00016870459525741044 0.5581915365814645 0.000458872269695076
-1.364702449450964 -5.453678668263963 -1.5139469822719773 -5.15605808280036 0.1749721071362133 0.30065718480681575 0.7064694268166175 0.0017795020865003335
-1.3645006810388023 -5.193132450463957 -1.4940348136304697 -4.94986468680479 0.03149458264875138 0.30016385053942607 0.5051511672796258 0.004600543310489744
-1.3519088486369955 -5.084155833011514 -1.4496039339726619 -4.670631428831285 0.08697670093186849 0.3344550918275032 0.18310358125080334 0.06966873115729957
-1.4135110577699461 -5.1646315387359625 -1.4221825483415298 -4.368643553871635 -0.14912705620935343 0.23998508480533065 -0.23626371134936633 0.031499187306979363
-1.4395074595087498 -4.950879616469797 -1.3885125367806508 -4.087502398469383 0.00016577490187755228 0.27726930366724883 0.6040774417079282 0.032155467752243955
-1.385874146197145 -4.310605187540857 -1.353448326049156 -3.780994005066134 0.135940965881386 0.2972360508391976 1.4223366721696762 0.015070096777093766
-1.3419103898344271 -3.953580638255663 -1.2683642248281486 -3.5181266872699424 0.07870858133990102 0.34115056747588446 0.529792865271069 0.028207567047004382
-1.3999980176251345 -3.756244831480689 -1.243995869441488 -3.21908486973504 -0.15615302697450822 0.30015670816897067 0.45056342670419 -0.00025746868636712314
-1.3925156994797963 -3.3857147917311177 -1.2117600618486093 -2.9225742070328087 0.07401669397438584 0.2993998597178574 0.8436949864877334 0.006893991454097796
-1.3767768744749984 -3.0300254010725305 -1.1749461609969063 -2.6275356092541244 0.007355439118588517 0.3091325856715763 0.6659223559863118 0.043846462824705605
-1.3979576958983 -2.7258808448521967 -1.1346146281715845 -2.3296961428018417 -0.052525340798843634 0.29913483741467756 0.6110080851895858 0.0005872850074314442
-1.3343967289096834 -2.378947054056332 -1.0993589486585587 -2.0389137534507564 0.179859933327261 0.20115062229968064 0.7243187961686633 0.012668628598619981
-1.257084353311511 -2.038571158383884 -1.0653830017510455 -1.7412110656855786 0.14317442172468567 0.29585983410118 0.6664594027806274 0.01564341582840946
-1.2207945667583957 -1.7274913179751354 -1.0297525990760916 -1.4463743351515463 0.06629923559844707 0.2993781761413176 0.6151448419963795 0.004128803042036555
-1.157015841150078 -1.4144451875052324 -0.9933347888743398 -1.1544258881204366 0.1569801531186101 0.3260015754606107 0.6306802314800154 0.004043283087158053
-1.1005920768129163 -1.1322181589743177 -0.964046994133957 -0.8767010603955824 0.1029707746774598 0.23689838820793133 0.5416660176172157 -0.0034774262764275116
-1.058311081130097 -0.8272466141933523 -0.9284778109590784 -0.5708228870287317 0.08658283679593776 0.32960713806719255 0.6264930417079624 -0.009658706466269248
-0.9954226270084188 -0.5371304776379129 -0.8959142513576169 -0.27513775790400885 0.13936201639793508 0.2971455549644159 0.5578516801054 0.010131615184319345
-0.9369570641149605 -0.24120223615403738 -0.8627960083870371 0.014550984793232028 0.10999058353300577 0.3211037816214218 0.5997984989220391 0.020995912768070363
-0.90901214643874 0.05387693976373858 -0.8310517131173868 0.30858913036334124 0.04355918569193848 0.29705675708894647 0.5822189284342105 0.00038241552532312234
-0.8867913806758957 0.34449648306121566 -0.7952010993810109 0.5973683417612063 0.045607430389689535 0.2952255741505948 0.5794972913939768 0.000107141497505861
-0.8653712471444748 0.6203343576684982 -0.7578317682066663 0.8707532238980477 0.03699629209237628 0.30915052005355487 0.5420219362470938 0.045121216942496156
-0.8242083595231318 0.9034579853081355 -0.7348553806509245 1.1691740733738538 0.0901831916899441 0.30198205760707536 0.5715728245667899 -0.02372580672159202
CAUGHT 30.987818523
-4.287671674088539 -5.998383883596946 -1.5459565389236143 -5.288457030462673 0.0 0.29932128717862505 0.0 0.000589466853926357
-2.2350723247793205 -5.4305561389489085 -1.4932497458352225 -4.9851608051996825 0.45613318873538194 0.30170399487581273 0.1261839432551195 -0.015473639607256465
-1.5554034944861725 -5.593614333820477 -1.4431886476657154 -4.764326966601262 0.6167881864979117 -0.0042572146021223785 -0.7249866846849061 0.008250413788009144
-1.2891634563715444 -5.157948910487248 -1.4266229336825629 -4.602089479310687 0.707702120152346 0.3588752476235567 1.4199108411430652 -0.02492311718995234
-1.2368760191164831 -4.7807244875108275 -1.4334836549922698 -4.499877643705046 0.42600690148216747 0.07868586929017132 0.6170451130299848 0.02713152069585642
-1.316655440563583 -4.695064501942962 -1.43064155020141 -4.30178285846505 0.13557078958248384 0.017389973444086635 0.2670085481512845 -0.00827211109854807
-1.3252303258360167 -4.6728152282233975 -1.4309892308216594 -4.304776741512473 0.26769249595715516 0.022880770289931244 0.12757969285770382 0.000892964414419709
-1.3079894930191622 -4.61520314292707 -1.4179952740446227 -4.202101281720796 0.1694683292878681 -0.012582405221982907 0.18040393924675688 0.0005432024409960628
-1.3519068215397376 -4.49518490278689 -1.4216137515836238 -4.068257750309529 -0.022356864743298385 0.2237024427026329 0.2819941091290523 -0.02251818843496535
-1.3588684213123108 -4.382583332509551 -1.414687181809896 -4.041393451373833 0.0748516682700396 -0.008425853871340792 0.2228068790486383 0.0187577949220143
-1.343539926466366 -4.317711185721509 -1.3912738205240323 -3.8912618151887117 0.058271356143664244 -0.014873702250878204 0.11951177851459169 0.03553522722400526
-1.3334952691809647 -4.262854369766122 -1.3916544760033174 -3.8916762613914253 0.037943747424003624 -0.00325076776363806 0.11550017927601579 0.015710634878369316
-1.405652030570036 -4.1443892020334685 -1.3787494339772193 -3.71099064469875 -0.17788202799301497 0.011200725982341966 0.2683775627041647 -0.0007466686847173356
-1.4154716870120796 -4.099348130649769 -1.3753318547402977 -3.6453229905780336 0.03607270767315997 0.3289375897839081 0.03366704149040431 -0.008334201744756747
-1.496156245855037 -4.0012380495924385 -1.3699268301068719 -3.5367331371544797 -0.22852255836787244 -0.051573992652357514 0.25004510410950254 -0.024626857827737627
-1.5427810278434997 -3.7998149445110903 -1.3772603083173218 -3.417208346415638 -0.05069437296365811 0.2682872447486089 0.4364733753704643 0.02732057838426706
-1.536403940138626 -3.4595887025213905 -1.3094365038231737 -3.140473176228422 0.016175466278467845 0.2863672315563944 0.7556631049363912 0.027519172776374518
-1.5250851369326794 -3.118606854014226 -1.2873551483520087 -2.841132237329058 0.023022467153858802 0.3311711873648511 0.6834338763695876 -0.0019260051190061814
-1.4749807592044935 -2.8023862340284684 -1.2627479160660369 -2.5640292839403016 0.12937583825621665 0.3218373622117966 0.6645088525723221 -0.024685577425935232
-1.3925710652690602 -2.4801390209281178 -1.2094781060633901 -2.2610264916807608 0.18292815666589987 0.2995625110331532 0.6746744434718491 -0.013693199431212687
-1.2543936569562442 -2.1469568987196186 -1.1758875915391929 -1.9678614793047287 0.31789007488069904 0.3006318693329494 0.6880225767732033 0.0154470489227088
CAUGHT 23.271324886
-1.0295166281987393 -5.9610753233969005 -1.5161542936491927 -5.677548930503934 0.0 0.3009496789979993 0.0 -0.034864098762910245
-0.7619251016001012 -4.76002060596426 -1.4114338965407465 -5.403279841268852 0.05946478368858628 0.28588326065221303 0.2669010483183646 0.0353809232477127
-0.9163456382492663 -4.576836287403356 -1.3274102364817169 -5.110630113571444 -0.5395579821178775 0.2990882105386745 -0.18632828526715975 -0.010229264351612047
-1.1823192469579502 -5.152653922549677 -1.261935286746001 -4.861646091528911 -0.4766053863067444 0.041577044115764336 -1.2856959139853208 -0.008978985137873537
-1.1997355004173407 -5.557923065044086 -1.2266428447545143 -4.69540337858614 0.12197037353363535 0.3186165569083879 -0.39518831465293136 -0.009928797842054457
-1.0888324746476272 -5.31852882427757 -1.0726172919112718 -4.439309233562167 0.2704345981350169 0.12905455652006853 0.8767223119205363 0.06017195295897498
-1.0183330032377798 -4.789846761149802 -0.9824406219808842 -4.168730357841556 0.16613490911839948 0.38016413151657424 1.264447344469208 0.028576949789255027
-0.9523063592021638 -4.403348065386355 -0.8599567289040998 -3.907745391428838 0.19199276729340015 0.3013091344880342 0.8568781845126243 -0.009151351487316037
-0.9379118115532421 -4.319523894987829 -0.7310583851121959 -3.6398383797123697 0.02970233351703746 0.2993678571165498 0.19139977924674106 -0.010270041697541032
-0.9552536501095539 -4.1561819478876965 -0.619479155159949 -3.3598873590908696 -0.01896850657630048 0.33665614530992305 0.5037954569358462 -0.005840573710183206
-0.9046959060372359 -3.7582311435984956 -0.5023493361245935 -3.1056654646772475 0.1460859180392405 0.2994098842564567 0.9159347047454526 -0.013096734611532837
-0.7798766837148883 -3.298057761807936 -0.387906050024839 -2.8199552069498734 0.27844106171336014 0.29947724042866414 0.9522044660618866 -0.015446181876050888
-0.6201679714398488 -2.9075735001429566 -0.27487393089156326 -2.5710937432672427 0.34107176628472885 0.27417977597227067 0.787223590780904 0.03259324506629682
-0.4197965284004618 -2.5617552543002833 -0.1525282960798237 -2.286573417394094 0.43841720779666715 0.29424308357000073 0.7155847734786879 -0.015418413133172798
-0.31669721449401295 -2.3952479932566635 -0.11268156865510226 -2.221913285363434 0.16323618220651895 0.05089874378141653 0.24961172770530277 -0.012955598828733147
-0.2877417817532825 -2.2409256042407266 -0.04308047516809605 -2.0392366162003297 0.05434604646088213 0.017710226958281842 0.3343378756483888 0.013158498508459748
-0.2832467328393668 -2.1971754089965363 -0.04349308631064066 -2.0204613852360596 -0.004477209271680345 0.1574459427437641 -0.016936307809383745 0.05853693139916565
-0.2664042306880722 -1.9843641733243915 0.005975700012626873 -1.8036424994549909 0.02954281486742997 -0.023863050160650302 0.5229189852702791 0.024768414699793545
-0.23488784860242917 -1.6936081917410597 0.05117410001694798 -1.7100737981918093 0.053000121793781566 0.25353313990861687 0.5487609924443598 -0.02815702869035333
CAUGHT 21.438258721
-0.9388399083639558 -5.968297763931502 -1.4942797732986497 -5.665580443794848 0.0 0.33624013172791034 0.0 -0.009524414186233565
-0.6312665815408158 -4.680088967513417 -1.3507197773055186 -5.400521287777303 0.06834962818292001 0.17368553284413585 0.286268621426241 0.0663662849599278
-0.6077120265392463 -4.289988085093772 -1.2411926339590147 -5.1309982058780115 -0.10729869401539177 0.3792136322557358 0.29408930063891314 0.03473290756794682
-0.9894345165114882 -5.02049561579862 -1.1127673834114675 -4.86286721026059 -0.9115102979511179 0.299547652766784 -1.8312557700181185 -0.0070732598758470044
-1.0173647261405079 -5.394445898617703 -1.0123019471087789 -4.5950745124110055 0.26602273520654013 0.3045988624159217 -0.09603411787289677 0.00859403245542062
-0.9072432927424431 -4.957455471219899 -0.923298904588858 -4.36032301538737 0.19904564692563892 0.2106508479423501 1.271114416201319 0.09836778345158761
-0.808167328673663 -4.462769373920899 -0.7985931111980156 -4.086134047066996 0.26889539504366566 0.1727378020838813 1.090791274342419 0.01775994108580893
-0.7607439514523392 -4.371898668617994 -0.686103745116125 -3.843044085075597 0.11263341244083852 0.3541161084884762 0.1871120573414008 0.04134364899014269
-0.7448160275678731 -4.2592641018393405 -0.5612721870420609 -3.5705106993727562 0.06607818557346719 0.29699890729811096 0.4466130118993655 0.0028139513521603654
-0.6549649532674495 -3.8782794900207005 -0.4255079708451338 -3.314432596373806 0.2420436702119935 0.1490524230833347 0.931757995658977 0.038483840581867705
-0.5747946497166732 -3.589107964568711 -0.2538580239253744 -3.062014387740073 0.15043943646502278 0.29930894415252707 0.530872848383887 -0.011273162666703224
-0.4464352618136813 -3.2668658241817177 -0.07405898499538137 -2.8355545336716204 0.3078540813798889 0.13672568954164765 0.7512494948530148 -0.006264486436611871
-0.33821389646160477 -3.0574232435672895 0.022273198443022484 -2.7078276989236834 0.20083720662601845 0.2825696476030271 0.3545212370031175 -0.006319156457225361
-0.1990434891666318 -2.825580817681886 0.07589368836046473 -2.5471170617359724 0.3188745203560736 0.2422054653192956 0.5264499502683292 0.044634762812057374
-0.0924166105173448 -2.5445254969416258 0.24448911050417785 -2.3074710308452 0.1906367846431635 0.2755181733368423 0.5655890545386038 -0.00930046372809934
-0.027071526148908544 -2.2038023989635316 0.40974122037220084 -2.0525592978245437 0.12640437281197245 0.14411768000578218 0.7144662421643997 0.05350473881365982
0.24671965472670676 -1.937309753748474 0.573341688975723 -1.8066550158471004 0.6689030533751308 0.30429648990914837 0.4856490637579849 -0.03789120518780109
0.5625403458351306 -1.7455224365073352 0.7336377175189807 -1.5910187043106019 0.6140277669745925 0.06578656878352522 0.37075985719579097 -0.012264142804718787
0.675466813245088 -1.6331580842370232 0.8121070845995448 -1.4438395589099942 0.15081517361882668 0.3737968381357462 0.1801913311564124 0.07415623065065928
0.8438447212117166 -1.4262727537299966 0.8965051530843631 -1.1619351193206655 0.42294418236171266 0.3082074064883225 0.46494204662320693 0.023342515032196393
CAUGHT 23.057248766
-4.212257393583428 -5.999809714890482 -1.484643838315986 -5.202633601308074 0.0 0.300864077066475 0.0 -0.0001146035150023858
-2.1401687236422973 -6.096706008456131 -1.4357398067789005 -4.901320451700524 0.46046414887580694 0.3329642171417193 -0.02153250968125529 0.020476160453051374
-1.5112159309001478 -5.629613789944224 -1.3897103721075237 -4.60782341164876 0.47680410668718065 0.25793567761759806 1.2442944586885527 0.031194738128085188
-1.2612485573099075 -4.8383857475598315 -1.3439704043087553 -4.320236486997771 0.7140156622799879 0.35152255151925355 1.613381003632867 0.04115424129452634
-1.1080088213947497 -4.269656287324788 -1.2847031657898467 -4.02663663703343 0.6782579433879343 0.30588980675230976 1.0394243170907818 -0.01162891179711302
-1.1765374680577976 -4.329818790990272 -1.2095092373165592 -3.7248212344229454 0.09614465041078327 0.3711768725132308 -0.3615802253475636 0.025608479046908883
-1.1807524692040754 -4.250855015050763 -1.186376112787893 -3.6576634697538215 0.31595831879438413 0.07491927266364092 0.34363160665125836 0.05268161404468312
-1.1745125999239414 -4.001691530920621 -1.1916567591735547 -3.4690028695493895 0.1289116108342282 0.015146769971703193 0.4466926998465606 -0.036211092284562395
-1.1688657052128744 -3.8841510729565254 -1.1849933638264445 -3.4549632766755978 0.11945295453024636 0.06644773495052812 0.12658248242648915 -0.03933261769708765
-1.222590248425714 -3.8344915694291513 -1.1475843759425528 -3.328464313121155 -0.09054612072847296 -0.0028628642745276035 0.07300784705620401 0.004955036663252568
-1.2212024506165566 -3.7231129661490048 -1.1515757331914889 -3.1911373779574603 0.07891335394884742 0.23369213497452432 0.23228624214137047 0.09776227919526874
-1.1884742069061132 -3.459013348470596 -1.1267740252801373 -2.967490238799153 0.0762536179611123 0.26691435727892165 0.579352325942228 -0.03907747292169082
-1.2189919828134081 -3.156113196201299 -1.100193814607441 -2.672678795334764 -0.08316412851854803 0.2908943397705643 0.5999948851371723 0.009828861513124593
-1.2258190615869886 -2.8558290872578955 -1.0586449321944753 -2.4294807877609133 0.019837915917178227 0.040915012573467247 0.6223359618165178 0.008497612650546379
-1.081126721746254 -2.616503204779534 -1.0005525920873997 -2.2897041099269844 0.363578574547906 0.22497664065798087 0.4638107110860334 -0.002353508709482699
-0.9977169533009049 -2.4626917830834065 -0.9660752221706861 -2.1928205422527727 0.11292861152685654 -0.012952840371657169 0.28618154241045 -0.026897726565911204
-1.0594155848745355 -2.3328317605345856 -0.9755214578472772 -2.0647535160630897 -0.16068544118235345 -0.020152871810205218 0.2569372569791689 -0.0032057937567833913
-1.0664521776267735 -2.302154162199108 -0.947178998499679 -1.9938156512505176 0.037639800338397186 0.3060218319358665 -0.008997262481909775 -0.011060381496076466
-1.0958053108711943 -2.1268445299652203 -0.9186948515149198 -1.8829187522243567 -0.10484390123027769 0.023631848009870404 0.4355123004279374 -0.0626725120998443
-1.118647372084106 -1.871875538276892 -0.9217807016070897 -1.6971335467248305 -0.03383447696499189 0.15309392285521123 0.4954579779289054 0.084637415015332
CAUGHT 26.809429634
-4.526068020408526 -5.999534348908339 -1.4837112949043478 -5.743714771731094 0.0 0.21525914800645657 0.0 0.015399624319861083
-2.2018942364569147 -6.01603669043052 -1.326745391227119 -5.473793262341995 0.5164830631003581 0.3009812406590019 -0.0036671870049289623 0.008641702708646865
-1.2948032442803372 -6.0079903911782955 -1.1708972422275714 -5.230529762447014 1.0491511520414127 0.3409123554641304 0.02950713973713206 -0.013101990280203757
-0.928854982373055 -5.82571860156718 -1.0548989988716693 -4.959760859022832 0.8518072877561655 0.36832564272441637 0.45675081573452125 0.06943079498524618
-0.7873759736601926 -5.3759943304546 -0.9088115009785521 -4.712052388043014 0.7032900826301433 0.29947425303249087 1.016502035766441 -0.0011456354004284186
-0.6583174305289443 -4.800758712748959 -0.7516118067846961 -4.459413569970975 0.655191631856655 0.29901388047339555 1.2141410807451076 0.0016630109934112902
-0.5933201661681051 -4.667684355165824 -0.5816366336620338 -4.228155962997489 0.36052709095717983 0.2914428306792909 0.0686180393719284 0.0009542648024546962
-0.5503327043650443 -4.63454696176838 -0.4430767487756982 -3.9785349769782012 0.26714661136724405 0.3339897529066879 0.14986577189330907 0.0288096429911317
-0.5023289553991291 -4.40075984197414 -0.28667180231409173 -3.7363985395157786 0.19851049503302864 0.34821487662916667 0.535039723285855 -0.048526235849320754
-0.4389768801488756 -4.141359233089684 -0.12025022910329394 -3.5056660829017767 0.19243861723967193 0.374086895918432 0.47854178367824857 -0.06862915466978808
-0.3347697839749197 -3.844767046474782 0.05636978446911375 -3.286062273961759 0.2601288125122958 0.17614404819416488 0.6260790418738944 -0.005089417590535467
-0.21273500683612453 -3.5131566333578186 0.22636054501814146 -3.0537120954869454 0.26698119864859743 0.3567356062553884 0.6774037030286408 0.001412028447134589
-0.10016375141895215 -3.1534939273002873 0.4055055733453902 -2.799112838610999 0.23558297312918977 0.36287297724519074 0.7465524983555699 0.005379740111653292
0.12154595346325249 -2.7892338967618593 0.5775244671470406 -2.5673986435925182 0.5196283424267958 0.35215638144494843 0.7418972489981136 -0.02311008221496591
0.4124988207925754 -2.47184212321396 0.7529031664281765 -2.322352402137111 0.6090578863399648 0.3201630414325511 0.6248081848850564 -0.030453982960489012
0.722237604438634 -2.2487333673295207 0.9276774424625962 -2.06912565976893 0.6506171672416862 0.3021607962793528 0.41133306978829415 0.008828395535129901
0.9602247838630618 -2.0488648918065553 1.095268840374478 -1.8367653931593073 0.45925685418962836 0.24453292062990112 0.39868833282512955 -0.0017291306524887945
1.0187028189195644 -1.9707716438076264 1.1393582473411044 -1.7769686566598208 0.049376298563445414 0.1448164328110184 0.06863535314184953 0.03551153544116861
1.059449408829684 -1.8500120622364062 1.18850729768992 -1.6590086651145208 0.09832912638811207 -0.001226704573405517 0.2711428479809449 0.0010391855624303148
CAUGHT 21.617862814
-2.6802846926598307 -6.000213131554666 -1.598687510257817 -5.612099059963431 0.0 0.0025796699795068495 0.0 -0.004938966128184916
-1.7720545731881847 -6.1593919654480915 -1.570255952479295 -5.502896418171566 0.2018289154381436 0.10885176474280392 -0.03537307419853902 -0.002766570810428467
-1.4632962980009396 -6.258221891234248 -1.5458429137298146 -5.4520417653787785 0.293373766241396 0.04424569412704771 -0.16548922080499645 -0.01914783439329263
-1.3768813764183747 -5.935321836968025 -1.5489880666347868 -5.270319588619409 0.2257814854529299 0.04976224648560807 0.8663348405792554 -0.007616189527868945
-1.3303339047949583 -5.367470440343064 -1.5399667833256285 -5.271451716221892 0.27659807785801876 0.0030965419382622057 1.1503714637247244 -0.021596351354465672
-1.3708329162984583 -5.285826247053913 -1.5013555384760333 -5.092498056117351 0.014177026683128563 0.29310338714102174 -0.09082959613966471 -0.05318843539898059
-1.3611219132954935 -5.515850616113505 -1.4600054674938194 -4.879617794837373 0.17296637261695189 0.3203012482779305 -0.4974643203555657 0.027170941738844774
-1.374952298369741 -5.463930140900823 -1.4357572051512044 -4.582612797782255 0.0017639280024228376 0.28660306951401576 0.23812497186458664 0.010557279796597038
-1.4113897547764263 -5.134273147200424 -1.4013111776309033 -4.302336907839296 -0.028646511143925604 0.30278665977499375 0.6944242546922949 -0.025013633455687717
-1.4216988744850299 -4.620553342396379 -1.3754870612995365 -3.9996907714592265 0.014340017823015546 0.2981234548748983 1.1041127411523828 -0.0011126950502346154
-1.3964545129166899 -4.160901519702748 -1.3491489275518824 -3.70982836811301 0.07649578993133392 0.33097001401457665 0.9031915423980154 -0.005227595119607964
-1.3835197441985458 -3.8492782381695965 -1.3262493648502185 -3.4135869383864446 0.023236200129905737 0.2990099193184119 0.6165774216377772 0.01071050662258104
-1.4054055863904795 -3.555563494993656 -1.3042713581885128 -3.118795387358037 -0.04963655818170423 0.10296782093200374 0.6283170066744554 0.011580173821242509
-1.4028479033756958 -3.4069330288187123 -1.2965099228125498 -3.072916924842233 0.027182864832496163 0.04096873588185607 0.21284934778903405 -0.06015223117736909
-1.4476855397077144 -3.313374920169336 -1.278288304866554 -2.924845335143083 -0.1253739571370686 0.012051500693651167 0.17993471129411148 -0.0033283442269598394
-1.3301772740907736 -3.2221003442483256 -1.2790886705454882 -2.9163732649718375 0.340343806476404 0.06255864141198739 0.14823200778815918 0.08771643258821171
-1.2696539604051247 -3.0455635845387223 -1.286937657575207 -2.798016440070956 0.04915464290358182 0.013562852182220954 0.3738853057850039 0.00947969919589917
-1.2596421911348405 -2.9662128590554766 -1.2662492380457944 -2.6988840714467326 0.038902321894574016 0.16189545549963819 0.06478193010074836 -0.011329436770466786
-1.3048058133963283 -2.8371257832303933 -1.2961937994818222 -2.6110088975942585 -0.12110590687640498 0.06953141944078772 0.3072806137058497 -0.04084348717334124
CAUGHT 21.705046947
-2.148898185836482 -5.999818718451137 -1.4698786526087 -5.523915155458751 0.0 0.3001174766035546 0.0 -0.006718780305567454
-1.481829877712939 -6.055998737538816 -1.370611000402936 -5.248398118589373 0.14823740180523184 0.3306754993277981 -0.01248444868615072 0.011068245823071005
-1.2502839382163389 -5.841735899240569 -1.2888143588806968 -4.9775368185029185 0.2276480453152488 0.20315544725770748 0.5771630332575292 0.04357655970785902
-1.1613612079094402 -5.425809078400084 -1.2106183865931965 -4.674960664113579 0.2272227078186622 0.3456750835200013 0.8727946742365803 -0.007757131991996347
-1.081517027567785 -5.0573295539273 -1.1111669183473292 -4.40789156697543 0.3028215377949769 0.3007375945994055 0.7110939530334185 -0.0060031829710911755
-0.9945001454413598 -4.678173659504989 -1.0119714416158156 -4.13190165983651 0.2862220507076927 0.2995705213797593 0.8195302547243442 -0.007299637289586811
-0.9673129646769537 -4.433426749938341 -0.9163640174112894 -3.8465570200133956 0.10671749223477683 0.2996420673594809 0.42667056630812217 -0.005399982783477655
-0.9787417232549203 -4.316263816411891 -0.8371209223117598 -3.5672518152353434 0.024163703371245543 0.29867706921277715 0.2090917805057704 -0.0101445269797336
-0.9712737883576099 -4.07555925091486 -0.7388323320359332 -3.292274862414623 0.05564986247316571 0.21944670825580864 0.5506768232976114 0.052152773824944376
-0.9554724703940968 -3.769489490559755 -0.6465162871435063 -3.0134967090436993 0.04283178522978534 0.29921612820129273 0.5972467840387015 -0.007666884184712494
-0.8987095824508905 -3.4374910352142307 -0.5454882463597927 -2.739145143642149 0.14468800566672943 0.2988818332405267 0.6796290532720308 -0.005217144361502141
-0.7211065238415767 -2.954226938482881 -0.4388912715744075 -2.4756188568829125 0.4212779278195251 0.15304033199691466 1.0559686144094045 0.029701675392400928
-0.6004344178475469 -2.5942975171408724 -0.3303950268341633 -2.195231448099437 0.20150560245688912 0.2917951525770304 0.6385990678751631 -0.014575265214559027
-0.6051507446070625 -2.3695456489124878 -0.21955671231241167 -1.9399434711413033 -0.03749430689728319 0.3064212842697431 0.4384567982105436 -0.004297077345215797
-0.5372126046766865 -2.064130358987535 -0.08681871902552783 -1.6674767889319195 0.1976035561451099 0.19606655095135844 0.666653347403819 0.027721129647276535
-0.3458240466033081 -1.6973140913595253 0.03028826560046437 -1.3955684585784827 0.42175142428359136 0.29926832803052705 0.7339070597645911 -0.007628632729577825
-0.15239636372050414 -1.3766540752698457 0.15520805869874693 -1.129342879123403 0.37890168502589894 0.2994918171954991 0.6126543558321361 -0.004681846534980619
-0.07293609186531164 -1.1005111025478116 0.2659351184049795 -0.8795815920762626 0.11897101897085247 0.2992123055618761 0.5423548264369882 -0.008063528018954741
-0.002543611274717586 -0.8235096047624724 0.39923123240985936 -0.6232872738339602 0.16607083500507744 0.30738655402688086 0.5555164204844727 -0.0010734109344396614
0.18740030465290605 -0.6152610381002095 0.49746373697035623 -0.4196342528492261 0.4343129188576405 0.35239956808088113 0.3677573862215385 0.03033906509913957
0.4176266757149679 -0.38265995395957886 0.6193706879913539 -0.15907613663160405 0.4607597892921026 0.2996953221616081 0.4854714044211361 -0.0053894907044338
0.6504478282868867 -0.1373813290920852 0.7466434155053725 0.11540354368753995 0.48264610874677766 0.2993640412736435 0.47154114107880296 -0.009206137264396244
0.8161640048359388 0.10779798513200076 0.8599243690450008 0.3738204903166492 0.3075276185723456 0.13779901150707755 0.4862909240825581 0.06439832334904265
0.8967756158028263 0.3837833581686955 0.9749703600932099 0.6322673957800965 0.13698954887511078 0.1881398218194355 0.5647354164525079 0.05269543546966241
0.9563294956263914 0.6653350718140804 1.0862649864996219 0.9015529417584014 0.11337925711675927 0.2051471071189472 0.5599054647312921 0.05299800602387428
0.9721615405652495 0.9738801271723425 1.1920265686160898 1.1777661129173302 -0.009741195452959085 0.19009294093910806 0.6382562084292894 0.08828357983347704
1.0551448699217012 1.2760768220200884 1.308712928202793 1.4684776198238993 0.1963746242554003 0.29886989656172114 0.5997696365453535 -0.013855662676410169
1.2771312159244466 1.5232364596517896 1.4319802797399532 1.7346701166060225 0.4891621640137134 0.30075342963408475 0.4743874454241442 -0.011944983297399112
1.4852968526450805 1.7455303779093032 1.5366858944869315 2.0040537212056773 0.3907267414463894 0.38701871664163023 0.44209349798462766 0.041517170455562885
1.6067831330849218 2.0467298459211816 1.6694931672179374 2.2792486648367727 0.22487688827813956 0.29989822939865785 0.6420033921296147 -0.005913733158906392
CAUGHT 32.940420404
-1.4985541984055373 -6.030036061755055 -1.643793758581141 -5.182054045342355 0.0 0.2995301665113886 0.0 9.03643771357288e-06
TARGET LOST
-1.4086752614202867 -6.0977268846170265 -1.6653559648493101 -4.282651176655993 0.01997309710783347 0.36356319614243526 -0.015042405080437997 0.016064253463425347
-1.594277377028755 -5.572803150931173 -1.677972717693549 -4.016095064525791 -0.5223884919183381 0.04488503658249396 1.3759297004160045 -0.00015016247376525285
-1.7082371571026707 -4.606219251918498 -1.6856766865902395 -3.7521084152368998 -0.11130785036878732 0.2841135860539023 2.0238651854741785 -0.005513214496294119
-1.7313438340022191 -4.189892451441519 -1.6945121134441243 -3.452420451006729 -0.04214320295071357 0.29963584544557226 0.5390186320684341 -7.394747527318321e-05
-1.6482658546272855 -3.6272240124834987 -1.701754192985108 -3.268102299727066 0.23851327000696748 0.019529032321104624 1.4223952473387977 -0.011569068650457015
-1.4494981492293884 -3.0422806010527204 -1.6985602566270046 -2.9809608704664856 0.4643965302892894 0.2996367644477446 1.0933814674481517 -0.00011468296306208978
-1.65388111180245 -3.0747165520878896 -1.704951028314422 -2.709305491035313 -0.617276566816404 0.15499252908573116 -0.35818911584310476 0.001521916455470819
-1.7803868880764995 -3.156844026569576 -1.697615507282859 -2.603535459014226 -0.09455287986057638 0.2995181086947406 -0.09620156316693108 -0.0011573616106280715
-1.7915433264395502 -2.984528505627402 -1.6729708249459796 -2.3668623252178294 -0.04235980059472869 0.32014246693347137 0.3595221700965047 -0.030889896225134283
-1.727498967171113 -2.685042441673549 -1.6790107959712144 -2.2205054068392265 0.1655091528799933 0.26536040760263374 0.5743034274571103 0.0014117559487360001
-1.6681569397964349 -2.4608988489089447 -1.667607918406205 -2.1298876342745916 0.10721037613375504 -0.041751041727071524 0.38005182170652974 0.023193596975159644
-1.5929034230674421 -2.2267352891164585 -1.655728209414253 -1.9556691979896197 0.1837869737086435 0.055861534747354454 0.4990501850429416 -0.006371531979009621
-1.5407609868604881 -2.1387436586589 -1.6533031641317328 -1.9370250114321559 0.09742920956371612 0.1887665774617889 0.0809254758409906 0.009557118742801685
-1.6613933980826823 -2.1081768127282574 -1.6248455334636407 -1.7428856199606606 -0.32074435123469974 0.20830197150150218 0.060947742201407966 -0.03169514694884682
-1.7303613923784404 -1.9079871954808942 -1.6217490128939236 -1.5571597130877999 -0.0787928908280528 -0.007927227641792208 0.47025575721638196 -0.016955173422603685
-1.6949306943537092 -1.8471276028973391 -1.6154543411126983 -1.5452554125964646 0.08350125115353733 0.09389965939276575 -0.0077674329515661986 0.04771650295250977
-1.6594333303421758 -1.7470924142900937 -1.6133187833292153 -1.4352728824123286 0.05496938979929157 0.002916728061226021 0.2680557231238046 -0.004271756714762391
-1.6765943610552523 -1.6477880336067372 -1.619944874056158 -1.3489039318036096 -0.05271246009462177 0.2950720170198762 0.15607703575579537 -0.07829703208802924
-1.7437008098350828 -1.541732284925687 -1.6139876937413336 -1.2838305999897393 -0.1498746044113482 0.0861923291231376 0.22541053052051574 0.006787092935895279
-1.8381566612395919 -1.2404031934908168 -1.5883127813752977 -1.0744875976539823 -0.2025697488674758 -0.010756433775120165 0.7038873796437668 -0.04791430437856068
-1.773767121438519 -1.0904266276989905 -1.5791178904320298 -0.948657395774528 0.21154005113119848 0.295821059928139 0.18409256087332707 -0.005049211272876521
CAUGHT 22.45643
-2.71123432303156 -5.999812900632273 -1.468996382285139 -5.402137705697861 0.0 0.3012967754546811 0.0 -0.00046220836348055683
-1.6575725648292672 -6.050352915946939 -1.3701823278893872 -5.108585517748354 0.23414705737828725 0.30009579465365827 -0.011231114514370252 -0.004675356624956897
-1.3396492941269218 -5.506797290343495 -1.314941697419181 -4.82112718541268 0.2376073867836471 0.30441956898715455 1.414126264125612 -0.019167363957060257
-1.1822823203533828 -4.949796407114968 -1.2505380545808886 -4.534800933178649 0.44240423962465647 0.29957802837179837 0.9609851910438173 -0.009700091884114498
-1.1214634539948856 -4.677561284475504 -1.2003604959011684 -4.2461058600892585 0.276546492982743 0.29927142518790056 0.49694264351861045 -0.010430028723198509
-1.140540564727297 -4.665101598526151 -1.166189619261483 -3.9625534565985983 0.11543009922453468 0.2697319673164274 -0.0578231467255859 -0.008897181549340535
-1.1593800427896597 -4.571987759192115 -1.1608245428869213 -3.861569899481616 0.09320214018708493 0.32189410309072614 0.25476753258284074 0.11585422682430915
-1.1028542409250857 -4.100526198050632 -1.0769732491423758 -3.5857578539081425 0.22595171592217855 0.14746376428032412 1.081912558050604 0.05028487630725525
-1.0579764013064963 -3.7591437799318337 -0.9995250420160091 -3.307893239049625 0.11738150404246894 0.1830643554583707 0.5360899103691782 0.05483240255493688
-1.059887271689976 -3.545046547432459 -0.9348523608906106 -3.024102760568398 0.01479466068650822 0.09401210984181159 0.44329277648700327 0.03023696370764788
-1.0139952646348653 -3.257860222386386 -0.8731367825766368 -2.7453207824707153 0.14362003455563935 0.19551029899071978 0.6216740777937543 0.0601593367750366
-0.9620746327331011 -2.9177134466308945 -0.802178566048018 -2.4474037652558565 0.10233879500602228 0.29018284592617677 0.6893193582569832 -0.0060793537246591894
-0.8880059909885135 -2.5773145667351103 -0.7186250887168406 -2.167044928727881 0.17467895649284265 0.30372599694166563 0.6826089488157135 -0.02500132962936162
-0.9127481811456378 -2.331679135512757 -0.6269720380251682 -1.8844850862235616 -0.1055427506241111 0.29940616292247985 0.4479336295293348 -0.003843940927348105
-0.987877977999735 -2.0972081641232343 -0.5532809038263579 -1.6124335013895168 -0.15229653456170333 0.26616915331737745 0.48479901581621276 0.06066521873032907
-0.8835768788096179 -1.745148507206532 -0.4769622919003932 -1.3407675055944461 0.2984404168324758 0.3716611595155767 0.7554939642735146 0.02586091742656693
-0.6662382520002533 -1.347287051707581 -0.39583095534041995 -1.0464364871853 0.45422922638436336 0.30013072519240275 0.7966644937493754 -0.020031124326726074
-0.5215189513623194 -1.0058315577784958 -0.3216136104485715 -0.7553473339728018 0.26170565950077773 0.2910914329572953 0.6638498202722816 0.057505730007694836
-0.4055573418340544 -0.720204162176529 -0.2502820955217778 -0.46292817130161823 0.2594333108794799 0.301289039285081 0.5638513834004358 -0.017402107401958633
-0.2881187091644073 -0.42664894211705123 -0.18058563346332007 -0.1773065069134912 0.24430094376173075 0.29949670654516003 0.5992807227641112 -0.011237135885671073
-0.23577599495118354 -0.15527381961008188 -0.11777465149395715 0.09921150969867568 0.07305032515090323 0.2997046755259976 0.5199532861926246 -0.0022056380490353272
-0.20323254193679335 0.13256831087433674 -0.07489616813793128 0.38855847287052797 0.06621244110578374 0.3024775603530456 0.5865461134520285 -0.008470040479888245
-0.17059375504908675 0.4351710411316221 -0.02923518958796856 0.6668101297288296 0.05298549335510717 0.19776792632603468 0.6006563452322017 -0.00585816693758711
-0.16045981209448032 0.5261551065412363 -0.020299279857011663 0.7197109091211796 -0.0024033994297168173 0.2163695905407378 0.05887244401433505 0.02901260185270507
-0.1338078666691472 0.7039604836797959 0.0435292789462536 0.9226225795445664 0.057519321017814824 0.008199835187720775 0.44023814057180083 -0.009947981202666583
-0.12083580464561099 0.8408551490358614 0.07937112791023737 0.9785031835583095 0.0037865118414714886 0.28383055304706356 0.18385003588490734 -0.08995327970718892
-0.1033195813786525 1.0137066523827833 0.10025479668801048 1.140409590350738 0.03817970910540495 0.004854630834942888 0.379865781195959 0.03854796245671545
CAUGHT 30.617408935
-1.443626515200982 -5.999812913289077 -1.640325467391053 -5.999227448711803 0.0 0.012863343336119 0.0 0.006098732953401386
-1.4416356764297835 -6.052901862130008 -1.64106282094985 -5.998106404282134 0.00044240861582188164 0.0009820388317877445 -0.011797544186873501 0.000912539421287231
-1.4871796788063232 -5.913464745941575 -1.6395912243443285 -6.000181330368868 -0.1172671292033892 0.02145430904313338 0.3845988739995711 -0.03218985064483694
-1.5330359266073312 -5.968602494728001 -1.6399167140206345 -5.999292226417408 -0.07907639649903625 -0.0003930346893347642 -0.2738022660923601 0.013476911459463146
-1.5283729845225638 -6.236084910454135 -1.6415399373952853 -6.002207372964102 0.028153136027278827 -0.0005487865475082817 -0.58986725342923 -0.028387626722840023
-1.519426647726395 -6.3606409545258815 -1.6415931326922244 -6.000910629735679 0.009837030611985896 -0.0062473960813484814 -0.18198813826128035 0.004165240946915994
-1.5502742946898207 -6.1780973820178975 -1.6431499834125687 -6.001597460875016 -0.07695118767891816 -0.020062662564792135 0.4597233862791374 0.0031056496203743164
-1.560186422857426 -5.996614934088219 -1.6400741096202094 -6.001063599018546 0.0014200761581207961 -9.78005402870524e-05 0.31273183438735264 0.0032795995046744054
-1.5468284174799773 -5.920439382432939 -1.6406932576705628 -6.0030610194332485 0.030786352675059 0.010780158486930428 0.14882150659252608 0.001040396402255249
-1.5303022747410475 -5.928007607495664 -1.6402431192385931 -6.002784656934651 0.0356723275003285 0.0012224624150054858 -0.026328259759287757 0.007618852114204407
-1.5062339133330245 -6.008927258232164 -1.6399203618503735 -6.003067801523705 0.05670378747512337 0.0006474256011338561 -0.18731391129747654 -0.00048331735750206575
-1.4919309983103741 -6.110915366453023 -1.6398070340967863 -6.003618706281305 0.025533026866459484 0.00018164127235848013 -0.2173189219462748 0.011925639147489692
-1.4718418028896285 -6.146701865505139 -1.6407910485063653 -6.005197381449379 0.04987478898658893 0.000626984985803125 -0.05423321281725518 0.011742410983635251
-1.5030658130995966 -6.072888102341618 -1.6405481957613948 -6.003481178062466 -0.09260329350093288 -0.021335833985063817 0.18052581932971715 -0.032517761174948936
-1.5095593085753785 -5.994669349305532 -1.6406667690010088 -6.006043646545813 0.012404490738247679 5.658817425818642e-05 0.14312267065787737 -0.00035029239785750187
CAUGHT 17.316821876