-3.90498926327915 -5.999790882204233 -4.103460278223447 -5.889655229445685
-3.868080154567865 -6.34781903516736 -4.103534757986309 -5.889555605597069
-3.929184783111628 -6.101414225929374 -4.103555346239021 -5.889488010011397
-3.9495974402727114 -5.942564615601295 -4.0981410333946116 -5.8943800760324585
-3.940890420109842 -5.970375154333501 -4.0770023015101335 -5.912267692359344
-3.9086658646549406 -6.07404094675047 -4.047938866660505 -5.937451895930706
-3.8677929317132627 -6.184935737916713 -4.0170111020881425 -5.965223739089315
-3.8135965172337682 -6.293147310654958 -3.9829852732076727 -5.995897135895587
-3.7694783761649404 -6.275968272155243 -3.920904301968003 -6.051871219195742
-3.708950455565391 -6.196272173618248 -3.835027203871803 -6.127068477795398
-3.601531150799636 -6.078048137299972 -3.705955335330831 -6.241537487128179
-3.4441500430875163 -6.053025455021807 -3.5664693768080045 -6.365487458576071
-3.3063848438745795 -6.17164029145446 -3.3966527046117516 -6.510370409161732
-3.1403992143873602 -6.361111477529968 -3.202175795628924 -6.667757246446111
-2.9518657174764673 -6.529147905356023 -3.00343388920254 -6.800703002436901
-2.8020113849788064 -6.625184810685519 -2.773054922097223 -6.930461559916674
-2.7423119180290407 -6.6778766573785076 -2.5854571970014986 -7.082344306529176
-2.1123763909384303 -6.750683338025379 -1.9789980812939443 -7.288727337803114
-1.9126446781975768 -6.909178355032883 -1.8507291569902005 -7.300959007806991
-1.895543936698273 -7.15793105515421 -1.6836335601824994 -7.3234205505966194
-1.7543795340896209 -7.345379829675329 -1.4394811291494805 -7.35314167797461
-1.5170938539877643 -7.480661476683187 -1.1738685186925282 -7.388028566412497
-1.231950381716282 -7.510073134404945 -0.9151001127140356 -7.42030968758436
-0.9503069125729942 -7.492595491663923 -0.6657945049863369 -7.4579471349054
-0.6997074016486715 -7.452941766818064 -0.4218834025819597 -7.486334492851612
-0.448194541804309 -7.371498680190331 -0.1616016576014697 -7.512498911100028
-0.16726645659713404 -7.333160583580865 0.1050630922832903 -7.537687551423383
0.10335606786238744 -7.354097453606175 0.35674542088299094 -7.566976367565914
0.35991722804303256 -7.43479231641292 0.6112960220768139 -7.5915749012371565
0.609714407340494 -7.535427334138563 0.8513467697431727 -7.618974041700744
0.8696650227871583 -7.6467898870758955 1.1075208259773182 -7.639905417459282
1.1400589465476145 -7.750348836609029 1.3680510154285865 -7.660998481758259
1.4357386475045253 -7.815188529404529 1.619825056765986 -7.665510114668092
1.7018378872795732 -7.7969131556437885 1.8740203149553547 -7.674314089356596
1.9639156220313583 -7.737169809429612 2.1227147311204804 -7.637745995119215
2.1969764464695354 -7.59101560115349 2.3678901371793546 -7.512315498996027
2.4519346555330785 -7.480832115083013 2.618827345977975 -7.375560380775269
2.6508844742742905 -7.318810012104179 2.7695007105161857 -7.157038610390148
2.7816522929525616 -7.112556146672315 2.8979558434591093 -6.945576279619898
2.956811238698392 -6.938259321002137 2.983121471144891 -6.711596687001897
3.171635057953249 -6.76787422501001 2.9635710958639487 -6.5415054390445135
1.4977498489128644 -6.706984920035424 0.8278536002929745 -5.662033654903367
0.8777486672417126 -6.263833063515322 0.9506138257611038 -5.732910714019886
1.0422974508025025 -5.802794573604323 1.0466749209118604 -5.83014882346825
1.229262678834774 -5.667600374021708 1.009611574715734 -5.937523233107548
1.1448639593355936 -5.75723510855201 0.8444935875368001 -5.860791359613319
0.9542499288982559 -5.872118899275016 0.822436409819453 -5.726108122903246
0.9223164743031342 -5.991005306857713 0.821625413912238 -5.671232465242492
0.9146607436718925 -6.021505369395654 0.8165519917283267 -5.502428530554539
0.7360556002130991 -5.877892473063703 0.7570502054344042 -5.288374505923176
0.5921603703766742 -5.551322644770236 0.6532602327974592 -5.0544519418026725
0.5332057508849185 -5.178509338711412 0.4922359411857714 -4.8643309417869265
0.508717314239531 -4.88518025105512 0.280098570804078 -4.699385662960247
0.42022958134853244 -4.655546720882513 0.04516802848507911 -4.59018444537195
0.21525958295405406 -4.458064544325753 -0.1827213413911546 -4.4920815785131305
-0.04414562973109709 -4.354393128900534 -0.3999708408595723 -4.352892846548575
-0.34357980908836044 -4.340383710522973 -0.5873938122028647 -4.167283457012592
-0.6380627476149459 -4.359233562729122 -0.7183503212944545 -3.9428133126714906
-0.9090488338671017 -4.199501574202868 -0.7660670614664646 -3.688026318811359
-1.0718942954224335 -3.9049487329913286 -0.7569360718455849 -3.4319609694182307
-1.1152372179141772 -3.5634438620015194 -0.7046904630082672 -3.2009979673009132
-1.040642827555504 -3.2283341772410754 -0.6238003824361217 -2.956845275974268
-0.8869477887397714 -2.9231052017152304 -0.543694972150208 -2.721154950834301
-0.6591901010901583 -2.680882095592983 -0.4554127745028885 -2.4627697549284133
-0.4660938275293425 -2.4961817007073765 -0.3974855363999266 -2.225559254530408
-0.3388462704087373 -2.2781823387933646 -0.45746614969990473 -1.9759439385091337
-0.2162529008702366 -1.9640828264877679 -0.6463256570711318 -1.821209075276022
