-4.168816437243707 -5.999818707191446 -4.367127521193586 -5.99896846530998
-4.042626966015155 -6.0233898411627775 -4.182024187668634 -5.7668626908330936
-3.905641757421118 -5.95638876358458 -4.003913952792824 -5.538121191597394
-3.7180526965844494 -5.934548068557486 -3.83157482812362 -5.315378193440231
-3.525909523653557 -5.91741460593651 -3.640495369549875 -5.087011007065675
-3.3751787988121253 -5.620010805679506 -3.448986829918376 -4.838971423038856
-3.232569661190859 -5.219074280090735 -3.2728416135683016 -4.61754974701968
-3.091985193849714 -4.867295426250883 -3.08166150498877 -4.388988622659295
-2.9556507671549945 -4.681655136617475 -2.89267721195907 -4.163931199335125
-2.8044024429401473 -4.505404252795237 -2.708961725691631 -3.946875677225292
-2.6646064829138036 -4.2523106309102285 -2.5170512349576564 -3.712135832199626
-2.529842566155877 -4.012892699926144 -2.322990762983548 -3.4865047786640555
-2.3990000864933374 -3.8024695374521373 -2.1349327751993816 -3.2722005920179753
-2.2906813554847085 -3.5962290277539255 -1.9493200705268834 -3.0484597590586304
-2.177624851349467 -3.3439835313767166 -1.7659002122154592 -2.8113406746343523
-2.0102637165907167 -3.012222919786313 -1.5884660201938534 -2.571115365902882
-1.82832359798584 -2.68287773375478 -1.4125132972700292 -2.3347899489703887
-1.6240642609848421 -2.3681420654331338 -1.2306018572591326 -2.089827998068869
-1.412456589688167 -2.0682004028157337 -1.0479112059585958 -1.8448940414086847
-1.195687336954176 -1.7936853842368419 -0.868269726461138 -1.6041222306724003
-0.9943137689172217 -1.5332721316467135 -0.6869754506881139 -1.3587019185682274
-0.8278602234942964 -1.2742593106935824 -0.5044348133689959 -1.1130179800153428
-0.617538832762749 -1.0390960676459515 -0.3229997545195637 -0.8688380725366355
-0.34814334930521007 -0.8457954077551915 -0.149495032208346 -0.6352846101980109
-0.1007958965485685 -0.6460604478003696 0.031275029482689634 -0.39251898208332137
0.03349978496835079 -0.3690493440148779 0.2119979095617011 -0.150024238825056
0.17215453840787834 -0.0830978047356784 0.4003391461928488 0.10198398657913292
0.3451101358843807 0.1593719301577802 0.5741236531045946 0.33531271817633923
0.548969488098651 0.3854661171511023 0.7551899419632272 0.5781429415748517
0.7159446586214587 0.6442584420502229 0.943411624301083 0.8306435155882759
0.873296224949756 0.903858879402208 1.1237030389191895 1.0725668402762796
1.1055317210999207 1.107745640043697 1.303548245307702 1.3142285743047404
1.256325103306624 1.3633295128788596 1.4778745210361466 1.5473709810138014
1.4502443206237894 1.5990131358002304 1.6693374817441022 1.80370747039382
1.6004801376447007 1.8737229923156786 1.8518726484952732 2.047331542487281
1.806122220471352 2.0944952552380665 2.026526122380326 2.2803258620364346
2.054925019864552 2.292992867902097 2.2155677276569774 2.531472385411045
2.2084010865586396 2.556126174682436 2.3977490560322803 2.77352922038157
2.303117010547661 2.8614481491236035 2.5800682579080987 3.0156989176226574
2.5111366309296024 3.0926041026137057 2.762402228734399 3.2579403748236
2.728398351860883 3.2900800666895136 2.9376335090895744 3.490600712756705
2.930466612565427 3.531340777565254 3.127332420854424 3.7423400586882782
3.0866255283726685 3.7787300505180643 3.282051638462987 3.94774026794979
3.169985764178269 3.9343821775973984 3.405850965768778 4.076576985416705
3.329142791732184 4.140141476094386 3.6069950384607017 4.291168130332108
3.532695096999234 4.357481029176575 3.812657760308588 4.504326394896959
3.769905433039342 4.562662435067429 4.0178196440981155 4.734796578304154
3.956417016135378 4.7873039643585145 4.204743939162098 4.942081139781432
4.102631714842845 5.052225155401531 4.41549405708834 5.168720245281149
4.26916206016472 5.285777190929169 4.601581572745346 5.38300533214976
4.548431942330445 5.432168159386506 4.751144005644237 5.567530459461104
4.696099375390899 5.500823120415487 4.867741785575794 5.673091557660304
4.710674040937008 5.582638654648777 4.895367690470661 5.694486928086921
4.678167364919364 5.607976967691806 4.89158375182062 5.698098188861094
4.678956317952274 5.593144098251629 4.889221135555018 5.695381662863423
