-3.6208976952357883 -6.000092028650963 -3.9257952491309487 -5.685049091229947
-3.581226829740931 -6.541557246771388 -3.925887914470843 -5.685185097559156
-3.6163076262955904 -6.6439856338260155 -3.9259122747816635 -5.685368307218778
-3.736328729858615 -6.045999735716121 -3.941657930412226 -5.54784761270089
-3.7951911940563794 -5.688797068117263 -4.029817944782247 -5.092817085418995
-4.116551967697285 -5.659575341353699 -4.416439171105472 -4.787722166223987
-4.204841981942062 -5.391808335125935 -4.260937482099366 -4.82708858235849
-3.9872963861559536 -4.869873460232287 -4.171588381853291 -4.841433857407117
-3.8945444745504556 -4.648637002648988 -4.20665177060489 -4.844412466817018
-4.210858408387435 -4.6646861365954155 -4.647924324839555 -4.824520860951395
-4.749046536649938 -4.778160060809282 -5.141709972883855 -4.74015459790939
-5.228993887240772 -5.0156044182829165 -5.454656019519257 -4.38749954688524
-5.510430119715069 -4.951298833518775 -5.5441232341648155 -3.926768461983486
-5.6015740348603895 -4.670626507063725 -5.416305737619756 -3.437701256025564
-5.413111458284266 -4.2557453813404535 -5.053169488214862 -3.0922608385213413
-5.09651909980663 -3.6252398632095573 -4.706152100593411 -2.735390326184528
-4.771327129084219 -3.0667736431273593 -4.493510659489116 -2.401045583708407
-4.467178376697925 -2.6177892595568246 -4.497720091265505 -2.2850884928005306
-4.489890258525364 -2.1748240342684593 -4.697030872133856 -1.8910537763727528
-4.778838276551056 -1.8555107756532452 -4.701868475705413 -1.424016697543155
-4.932241621923063 -1.7053702790063963 -4.3355306731863115 -1.0875074869779096
-4.749523091579022 -1.4797631346343543 -3.9071920880040527 -0.8752032767891653
-4.367855034486625 -1.3035479078680294 -3.451456842772186 -0.8915680131556473
-3.879727374441863 -1.3042363866587001 -3.026112402797983 -1.0432393649373506
-3.4492367766375787 -1.2062277023275476 -2.560670112999781 -0.9066441272887648
-3.056716615068849 -0.787198390310395 -2.241688451670843 -0.532764232207094
-2.3825412488438387 -0.39134734900324636 -2.19197481878437 -0.08177962833826638
-1.860974684763812 -0.14504131715943158 -2.2199228365533132 0.4107360749898063
-1.8661376783170658 0.4002728401489316 -1.9728907989145787 0.8170894407773479
-2.0794760589004495 1.0156916585860392 -1.5796773522824277 1.1930163359873687
-1.9761185395876044 1.4454372980567147 -1.229770392281998 1.511459640985865
-1.443004305118978 1.614518108948474 -0.7432259094977609 1.5555173979517218
-0.9357291937453287 1.7157576394496263 -0.2766420531931154 1.6136961894278257
-0.3717577267132616 1.8822627322962235 0.03572522320887633 1.9889986139283806
0.05219525127907344 2.128080028184316 0.45821466029140595 2.1380011751481804
0.4563911631377783 2.1895058953044977 0.9377468146447648 2.088822652418696
0.710507764149857 2.40959077940634 1.4342243586008356 2.0805191997503525
1.0759226927457985 2.4968042108808235 1.8926835181100803 1.891833471401397
1.5245478800082606 2.3776228807034765 2.3534963383244225 1.6541733253994644
2.1027947530808797 2.131434103286245 2.7748579769321084 1.431223386896038
2.645298643838991 1.7800602991260368 3.1447140918516916 1.0618573626189176
3.0164983767071893 1.3778097398277906 3.288936507827615 0.610985427591886
3.0768133785109133 1.002916101445058 3.22403220908701 0.1234336892220452
2.9285791131981567 0.7024415521401397 2.9617559475938555 -0.3175172303589522
2.8576973267673473 0.2797517742040597 2.9741434340395205 -0.7549811772138314
3.186716132148058 -0.2459748033393707 3.2258781763756925 -1.1378070468638084
3.1505399688870583 -0.8230023392842412 2.9040833015392473 -1.4056589487265951
2.813929835926296 -1.0817724848818124 2.540027014748108 -1.7246959995284477
2.806799637378412 -1.5397347693429755 2.689301836709258 -2.1562800752128464
2.8416447704717758 -2.1296386793207946 2.6933236119196824 -2.610403871559645
2.8600388666867715 -2.4599207804253282 2.3420241008735316 -2.9551435745099153
2.7333786026829205 -2.5708378230044544 1.8873680503189694 -3.052800102404556
2.3206601156760005 -2.6682662192300954 1.4252847880084099 -2.9259568153761664
1.877644716567201 -2.4945090507995684 1.0470862662637548 -2.5355982761066382
1.4774928796669753 -2.6416928518824467 0.569993928042647 -2.657961567451681
0.8110719440703491 -2.937805886980964 0.20787081747708683 -2.9848362579352385
0.15847740770525953 -3.0618763894410437 0.08321758372860913 -3.45168178345134
-0.17079688167189355 -3.2030983176556367 0.15389497174065161 -3.9330311912199414
-0.1406634673268855 -3.605024948767236 0.46327400444257333 -4.3082783696225135
0.10524590075730114 -3.9867931331469855 0.9143563398484555 -4.471539103081147
0.4326881997307379 -4.205099848071579 1.4154742787001093 -4.423688575457764
0.905960181819382 -4.4352480035045145 1.907852956536503 -4.383318951674602
1.4598440894792466 -4.634835949313621 2.3734477576290685 -4.418712136100155
2.1955230046737224 -4.781002012965411 2.8010760037355005 -4.6827501476248345
2.902809711486606 -4.754659015714338 3.091077223097952 -5.0793132567069765
3.413340121175561 -4.804880230912991 3.456461450834648 -5.380401924956856
3.7341888496782074 -5.206809444975139 3.917941964545604 -5.5556725499099295
3.9021841706288503 -5.666401757617221 4.390538090932027 -5.480798658889382
4.14859112959003 -5.785821040873744 4.770919485067715 -5.174134363282443
4.511518080672152 -5.46472830519288 4.95253784426297 -4.716559393109436
4.727762145981524 -4.9482221479050095 4.907073003176556 -4.239712384667071
4.650952022727827 -4.532364981277452 4.643783829558054 -3.8224296214908455
4.543299132311246 -4.206285848622942 4.4266613017664 -3.4252937366003873
4.6249109104566495 -3.6481820026059246 4.523138767080904 -2.9536187696796765
4.703527112220834 -2.950783800237491 4.749259233758823 -2.5458620436088824
4.7658593404344884 -2.460825121068149 4.617976213772283 -2.0941247207106963
4.7646112239440335 -2.2894987098169985 4.19804492606242 -1.8203192916781747
4.6213146926483235 -1.88641022533947 4.01206268504787 -1.354774952132589
4.128506927172738 -1.2551687538670013 4.031844262779275 -0.8986391822117412
3.6787478616419276 -0.8140862693938975 4.023833284787035 -0.41016151017755087
3.543409003557525 -0.3762761598338674 3.7439797465873883 -0.011403243079533554
3.716501306989974 0.03586999055618606 3.3099089448754038 0.21826459893377956
3.700374951421934 0.23627630560738122 2.8201551533534346 0.22868564724995705
3.251200173331495 0.3177674943508269 2.4570454184832418 0.16313986779195677
2.6608502781514716 0.11123737483670065 2.320324096537474 -0.07788049000804927
2.6275718045488277 -0.21800145077176358 2.589867035751669 -0.41859925574975976
2.761209287807904 -0.5299879554217657 2.709410813967198 -0.4876698492688245
2.8075646607810576 -0.625494461612417 2.7116669129330795 -0.5037544293519179
