prediction -1.1847080407942654 -5.993018306766106 -1.3909113368001682 -5.847350194173443
correction -1.1800441627621057 -5.809790311039889 -1.3909114485719911 -5.847358367943771
prediction -1.1807052819345523 -5.80855956174549 -1.3909152202882424 -5.847419010721674
correction -1.17978244992127 -5.754897425759144 -1.3909168393376767 -5.8474408829626325
prediction -1.1873157985686467 -5.769637519419787 -1.3910092768838545 -5.847435723231003
correction -1.191053458965724 -5.764856183208616 -1.39094849887978 -5.847423791000524
prediction -1.2064876194979548 -5.804673045441148 -1.3908253870244953 -5.8464813949486425
correction -1.2086556137627527 -5.813337025335248 -1.3906262435778185 -5.844164280095662
prediction -1.2376424548186262 -5.876639271869779 -1.3880131404583853 -5.8090247915413595
correction -1.2460247655161147 -5.892506449867068 -1.387221669378539 -5.7972442661442765
prediction -1.2580688151849155 -5.986324689156965 -1.382364842869919 -5.705196725582389
correction -1.2399661618744051 -6.004393096271432 -1.3814770722057401 -5.685118564983619
prediction -1.2255989000341754 -6.080599355998429 -1.3793371575355273 -5.605035535455013
correction -1.2242724144255246 -6.063923269323727 -1.3793959035033319 -5.585036305695594
prediction -1.213381936709263 -6.086268489315318 -1.3833625845728084 -5.505267029406831
correction -1.2122439736709536 -6.072383589196553 -1.3854992184625923 -5.485269788971346
prediction -1.2014970752333691 -6.06676460542921 -1.4019673456397654 -5.411591495158491
correction -1.203838493479354 -6.059826344762833 -1.407470772167556 -5.391066767223729
prediction -1.2008782764396513 -6.039383816026352 -1.4302238924667676 -5.3055655587441395
correction -1.2056242139848963 -6.039098467824554 -1.4376088519158716 -5.286616615931749
prediction -1.2169868498433647 -5.994237318395834 -1.4789706015976503 -5.221500949239572
correction -1.2246492220549194 -5.9852380827207545 -1.4941487346950397 -5.204495210700738
prediction -1.2726209917709752 -5.900584885325902 -1.544500910678012 -5.155519083469183
correction -1.2925712784789427 -5.891166534043298 -1.5554779294152479 -5.1469922090121525
prediction -1.3689581841745866 -5.784259522923885 -1.607513940523363 -5.1126326802354365
correction -1.3714643832787885 -5.786377202123358 -1.6190025287574077 -5.103240769983917
prediction -1.4505038915159405 -5.668907559437644 -1.6575218076206237 -5.070340828450059
correction -1.4506926602815662 -5.670534696997056 -1.6639740250717023 -5.064138265570333
prediction -1.5176302972623927 -5.527451973762419 -1.683402140493635 -5.044629774113929
correction -1.5037242085305567 -5.522463079989761 -1.6894766565222945 -5.037510772097878
prediction -1.5443384508464917 -5.367371030974577 -1.7324269773965082 -4.996456599939757
correction -1.532723292125025 -5.3771391925968794 -1.7491580220116745 -4.981868825469379
prediction -1.580509731837545 -5.242131181335086 -1.7730086374796055 -4.9437175079620355
correction -1.588315090313355 -5.259432973329368 -1.7819409997017683 -4.927463946714745
prediction -1.6390555653121655 -5.141108934011901 -1.8163143324982105 -4.854686154035493
correction -1.6297046382840825 -5.151749829077016 -1.824392041717211 -4.835243194614307
prediction -1.6759093696719298 -5.050442844986201 -1.8447924317311464 -4.757817140019422
correction -1.6814297629454176 -5.0658549151880266 -1.8495545728410097 -4.737250684407142
prediction -1.7338178644878606 -5.00734826952928 -1.854724856575468 -4.655856222191071
correction -1.729812563439462 -5.031515243240457 -1.8548842223255309 -4.635629095483287
prediction -1.7795795433896895 -5.010346919874004 -1.8504478430908806 -4.555453519035133
correction -1.781691056646024 -5.020882558658459 -1.850619117970475 -4.535582227531841
prediction -1.8245092371369465 -5.010621801367018 -1.8416976951468764 -4.45886202311087
correction -1.815991737866812 -5.01282725880516 -1.839278509729588 -4.447753682071475
prediction -1.8388869369153968 -5.005857384950273 -1.832706950408361 -4.370137803294095
correction -1.832629714379639 -5.00372473383591 -1.8306233706215551 -4.348312385654029
prediction -1.8512542373425525 -4.994712111661023 -1.8144787302451508 -4.267339712983219
correction -1.852173257907609 -4.989735775251738 -1.8091708528327424 -4.248334745294272
prediction -1.862487735010286 -4.9717213989500255 -1.7845436407014421 -4.176530328945402
correction -1.8562620169170112 -4.963680277638124 -1.7824420392174076 -4.162555414422721
prediction -1.8618937266235416 -4.931644577032315 -1.7583996874168852 -4.092081003957604
correction -1.8667016049598484 -4.923178508951254 -1.751062572452398 -4.0734778805880785
prediction -1.8685881477328794 -4.8697219890777 -1.7228227366981967 -3.998402664390364
correction -1.8631533745289108 -4.857430340626431 -1.716591590795908 -3.9792742272326005
prediction -1.8564184996884896 -4.776649548845844 -1.6964124820750017 -3.9014991342226177
correction -1.859373940021298 -4.765574760422624 -1.693646392377941 -3.8842670138309816
prediction -1.8623951775338525 -4.6576593933174495 -1.6823260801383517 -3.811671978535945
correction -1.8682500798951185 -4.64716493684097 -1.6778175265384825 -3.790607310821747
prediction -1.8742594002373552 -4.513158694265972 -1.6559863875302119 -3.707890082883101
correction -1.8748595724274058 -4.505731865160833 -1.6491119262040987 -3.6883833251972713
prediction -1.8737134393817767 -4.354928668995708 -1.6236951497237742 -3.6203009154140657
correction -1.871761844327769 -4.353609636607052 -1.6190213126560984 -3.6058053658647813
prediction -1.8602401695338995 -4.202334018824383 -1.582809867700718 -3.53123254573298
correction -1.8566041650240555 -4.209259593101394 -1.5725954371434843 -3.5127118669210926
prediction -1.830369790720231 -4.067408964181542 -1.5306730259955847 -3.441494240627618
correction -1.8249325207015876 -4.075840749024109 -1.5200234358546423 -3.424234648676657
prediction -1.7902837580109627 -3.9460969278396654 -1.4721137126910282 -3.3648088090609583
correction -1.7910656292034324 -3.956048058104802 -1.456953196588183 -3.350079255087257
prediction -1.75546649833874 -3.8551075361494447 -1.39660237094004 -3.2931674379129197
correction -1.7563500797317924 -3.8736534916158862 -1.3828840904966935 -3.278176948501851
prediction -1.720459693086278 -3.8081865977928393 -1.331691821342445 -3.2158980240621093
correction -1.7234987996272868 -3.8217216321072414 -1.3186118076877442 -3.2001394160722167
prediction -1.6969939821089075 -3.7634674143467333 -1.278361785355283 -3.139173465832351
correction -1.7045142172251546 -3.7608108427156632 -1.267573325620008 -3.1206627398195406
prediction -1.6884228203090585 -3.687015176470962 -1.2238554910943904 -3.04452023539768
correction -1.692575417022587 -3.678887322623655 -1.2140432268592198 -3.0257623820073167
prediction -1.67315213990025 -3.5714952394832964 -1.1909529216098678 -2.95794110296616
correction -1.6707079618746776 -3.551470152968393 -1.1842532071663274 -2.9383842803804936
prediction -1.643917657627592 -3.412784695839478 -1.1580327382345432 -2.8602106262267237
correction -1.6427037690831159 -3.4052283692668097 -1.1513941914527746 -2.841016857170892
prediction -1.6024949380033826 -3.25454718595321 -1.1337372513400068 -2.774016717476067
correction -1.5944902793837232 -3.249578309612371 -1.1331681908650046 -2.7590050258322765
prediction -1.5246996318535133 -3.090129354663309 -1.1283213052744043 -2.675526971396909
correction -1.5124921685942219 -3.0906755374923107 -1.125279673938962 -2.65197421908186
prediction -1.425041174861563 -2.925826135036923 -1.1079883183454322 -2.5622243228930803
correction -1.4244350362159368 -2.9256046187603224 -1.102796905670888 -2.5417601149809594
prediction -1.333818268472422 -2.7679220569783167 -1.0845452521433971 -2.4627340939353735
correction -1.3339894250084592 -2.778603109005972 -1.080796835366697 -2.443204993199108
prediction -1.2440903610016694 -2.6432882911562126 -1.071677711306192 -2.3643482456101155
correction -1.2500258070772259 -2.6542523758226597 -1.0694465383904748 -2.3483816386368046
prediction -1.1723442167372207 -2.5415810543591264 -1.0716247913027679 -2.2645937117773918
correction -1.181103576752385 -2.553530120658666 -1.070232197251799 -2.239925318073061
prediction -1.1196846292982585 -2.4468881229981365 -1.0519224704591683 -2.162274501116695
correction -1.1291333094600877 -2.4442215992453287 -1.0421410896748002 -2.1446180940665487
prediction -1.100949733662716 -2.3420301672398915 -0.9927284706070917 -2.0778704708890943
correction -1.1202798531008071 -2.349175706770153 -0.9802064048257862 -2.0618906217629083
prediction -1.130905194809112 -2.26370218369897 -0.9287034371269638 -2.001395985059154
correction -1.143157364321692 -2.2662736972793587 -0.9151825893158824 -1.98581700251463
prediction -1.1751400742065288 -2.188921938030331 -0.8609659956268384 -1.9258718781536497
correction -1.1806871321766637 -2.1912832929049455 -0.8472339061748125 -1.9110395041370136
prediction -1.2113076253562522 -2.1206957066921928 -0.7953019232482481 -1.848980807077685
correction -1.202426879932411 -2.120289728526132 -0.7813385436405588 -1.8319402342963935
prediction -1.2146025932567346 -2.049288591032106 -0.7343515599900515 -1.7694664980853954
correction -1.2037827755318973 -2.0458970283650446 -0.7225270554060103 -1.7531777662957164
prediction -1.2076479917432807 -1.9660833762029395 -0.6784948216708131 -1.6858183634278725
correction -1.2029274821261473 -1.958882734427351 -0.668271478878324 -1.668629943608182
prediction -1.199682944575638 -1.8734938586389434 -0.6473191329422299 -1.6181843223574932
correction -1.1920671699302658 -1.871777848098239 -0.6371828196299384 -1.6003883829478007
prediction -1.1728409841167464 -1.7873218030060332 -0.5919652638214377 -1.5246396529383202
correction -1.1647982804348185 -1.785481927621073 -0.5827117067211564 -1.5070844388121571
prediction -1.1240595336095338 -1.6924361991168262 -0.5510880900392495 -1.4380114685312357
correction -1.1134265331660906 -1.6863368376649281 -0.543520265417819 -1.4200754449487674
prediction -1.0520170175933876 -1.578487337142218 -0.513310474188757 -1.3464289872640052
correction -1.0459874297923482 -1.5723891103816097 -0.5060426677034074 -1.3278360098726893
prediction -0.9677671093442124 -1.4584979537721714 -0.4877753943771525 -1.2603598898050818
correction -0.9617666803786975 -1.4584018548201538 -0.483208893376128 -1.2430230642331914
prediction -0.8627465453528226 -1.3540587280041294 -0.4430714658178422 -1.166983670655272
correction -0.856817059930335 -1.3605287507519335 -0.4325049812334929 -1.1483202776186408
prediction -0.7358913733448335 -1.2613719384353363 -0.3923425976169681 -1.074533293276978
correction -0.730504293863321 -1.2608302098331647 -0.3857891745087162 -1.059422868662882
prediction -0.603555448389164 -1.1708686278823128 -0.34740974193462576 -0.9889149213724151
correction -0.6098754502855265 -1.1800556125180561 -0.3373225771607401 -0.9716182899558207
prediction -0.49256006322406387 -1.1073791067323608 -0.29422116290725137 -0.9063777737103823
correction -0.5003237322317146 -1.1111512285007723 -0.287505977961695 -0.8955043287090035
prediction -0.40217187275404837 -1.0465471883415391 -0.23303671534028977 -0.8370340715243612
correction -0.4174216136463608 -1.0499652635465817 -0.2201819603027613 -0.8220158270340507
prediction -0.3377208914239238 -0.983408586345966 -0.16694742921078373 -0.7635389554427079
correction -0.3443961663880082 -0.9777363627291893 -0.15246377796052463 -0.7495984968142713
prediction -0.26548409962819786 -0.9148879061730996 -0.09732128083166809 -0.6976400645272199
correction -0.26682821854245253 -0.9204502047061163 -0.08097007890885141 -0.6827558432019842
prediction -0.18164591206468447 -0.8664814558567477 -0.01750699074168722 -0.6314193219631431
correction -0.17878596207348885 -0.8637661953800191 -0.0018905968731780009 -0.6191522768524527
prediction -0.10934467690681615 -0.7957263214232688 0.06251146488793943 -0.5727257254029811
correction -0.12333054433255125 -0.7871738315610471 0.0794581741644653 -0.5616793077450858
prediction -0.09543064748345315 -0.6957315838099664 0.14496624296664815 -0.5287678879012949
correction -0.1110420746131344 -0.6840940426875852 0.16194083589896 -0.5232976638906837
prediction -0.1130876005780776 -0.5825342624817006 0.2385232705238226 -0.4896701907722292
correction -0.12150372310765116 -0.5828399442945701 0.25737433894232997 -0.4815930212920101
prediction -0.14470373134291167 -0.4844350933410019 0.33354102177334205 -0.45641046049000605
correction -0.1506500353392233 -0.48459986064249455 0.3527792972298099 -0.4520269859734024
prediction -0.1782580116431696 -0.3669356219176111 0.4311869669940886 -0.44077185382340234
correction -0.1708354239699603 -0.3556515065113198 0.45127563231507867 -0.4419160456881295
prediction 0.4374048179370458 0.014229150111675831 1.7284794110416184 -0.5128823160423889
correction 0.871828141564128 0.17420800756032545 1.749685700213853 -0.5098512576206387
prediction 1.6480106828801513 0.46075764313674783 1.824971242512718 -0.4840352367719493
correction 1.377943945689862 0.25779156162149697 1.8420249704633527 -0.4787832698330526
prediction 1.5788440842581124 0.17405780830097958 1.9165095227427627 -0.460979812880123
correction 1.478748749334122 0.11590447610516041 1.9371416579155023 -0.4569357328585798
prediction 1.6958041569087865 -0.0011293884423120466 2.0534653283777087 -0.42818154695650545
correction 1.6823120432662793 -0.03022105300545993 2.0733356494023343 -0.4209683669701689
prediction 1.876314009448833 -0.1815438705426243 2.144471271171578 -0.38337902204376273
correction 1.8339434672389288 -0.1786215367740289 2.1593051922562863 -0.37282568116679976
prediction 1.9683411229896683 -0.3301193723085454 2.225401282210721 -0.3112077103472834
correction 1.9577737067851755 -0.31719702345896095 2.24122931987582 -0.2966324269135244
prediction 2.0673574936599315 -0.458020618817148 2.330523171822357 -0.2147835673847034
correction 2.0520435405581647 -0.4372684177770895 2.345242389557936 -0.20140952628774358
prediction 2.119624741526367 -0.5323167575254442 2.402971198535477 -0.14525117615101907
correction 2.1093649962316796 -0.4944527607339646 2.4139440565549037 -0.13290136692225837
prediction 2.1608130290120413 -0.5409534800636561 2.470648743920639 -0.06826463207049127
correction 2.1655664299677797 -0.5189248205860193 2.482440988138433 -0.05212535793261298
prediction 2.224171964751929 -0.5474308753765745 2.5229772133446953 0.015361190119343426
correction 2.2351084296864756 -0.5349804947665749 2.5314705228229255 0.03301029800707439
prediction 2.292727134612882 -0.5421129281243591 2.5544857218730512 0.10661294586101178
correction 2.2961852901710675 -0.5286510636503625 2.5582328635572225 0.12547472223174883
prediction 2.3348529357264907 -0.5053949289970167 2.5503069360301502 0.20173966809651922
correction 2.332337185607378 -0.49254456577127337 2.548041658941215 0.22387692136499301
prediction 2.352098741100942 -0.45194287806320954 2.551016164677794 0.3038989569499616
correction 2.3518843142622874 -0.45015275337553673 2.551837580148181 0.32223515002135855
prediction 2.371016286696891 -0.4015877964937957 2.549769429885989 0.3927539365628
correction 2.3798578959335606 -0.3992499113015238 2.5470987931608478 0.40850360087417614
prediction 2.409234240806276 -0.3355233745864818 2.5257966410950297 0.48516287482553194
correction 2.4180546176199114 -0.33268389535313336 2.5180124482295323 0.5046443628406885
prediction 2.4626776742402514 -0.2558498254937261 2.495220002617334 0.5659824943545494
correction 2.475813862233011 -0.2552207734003819 2.4865499854908846 0.5826197335438614
prediction 2.55414441353636 -0.17831305580489717 2.449602732355601 0.6584440119000372
correction 2.573968226823239 -0.1850542287220423 2.4395803123411364 0.6791288612776114
prediction 5.660800349921997 1.7202341995096135 2.3775830753142255 1.0437369117094797
correction 7.703443591885367 2.9672743802912125 2.3770331942294596 1.0641811884923165
prediction 8.083498808561055 3.454699197950572 2.374398843796821 1.1449807578104365
correction 4.386189036441417 1.3468116157879049 2.3747329688399232 1.1654649548837113
prediction 1.1166012727231638 -0.3087104524255062 2.3874029649906574 1.232391274283995
correction 2.168970627103609 0.25147914658458337 2.3929899044830045 1.2527993664042434
prediction 2.069336771859105 0.35776410763554106 2.415662969686929 1.3323188508668733
correction 2.475306314474398 0.5708333013466569 2.421598548463411 1.3513492402186043
prediction 2.4511435225814706 0.7377684730500457 2.438309174661018 1.4199079059424746
correction 2.602380413451691 0.8255537828552746 2.4445389517736595 1.4389254717723394
prediction 2.584129792199294 1.016965603687544 2.4817668445333667 1.5145540804840185
correction 2.62248376684705 1.0356012130217631 2.491423780390355 1.5320038289864606
prediction 2.598278259838458 1.2216770439827764 2.534443457614851 1.6005008170948662
correction 2.6160763420790376 1.223192949813219 2.5457112615442785 1.6173986443717414
prediction 2.588133649789363 1.3959877962496636 2.58340288503281 1.6764104117982543
correction 2.581631719557688 1.381473642566647 2.592582354429486 1.6916279923938784
prediction 2.5325606823081612 1.5250859580478369 2.649152391404649 1.759484149240771
correction 2.52571457181261 1.5084960842777355 2.6624719141844917 1.7750704266957242
prediction 2.4773798837848084 1.6352586561925957 2.712418331396426 1.8371255309857801
correction 2.4795218495219227 1.6271537377138403 2.7219797618590182 1.849950649550752
prediction 2.447904801366887 1.7377284035292746 2.7790361325641557 1.907228262899089
correction 2.454228087230654 1.7254513860638014 2.7936924577168694 1.9184419291157515
prediction 2.4439462334078073 1.8148380586808486 2.8611261936413266 1.9612429993545268
correction 2.4519953753044335 1.8074561625274634 2.879756757300569 1.9708940228884533
prediction 2.465201765434882 1.8831983931542065 2.944772029760347 2.0006896446939426
correction 2.473055795920269 1.8779634648170078 2.964002528836874 2.006506151142925
prediction 2.5071164537936923 1.935311414851182 3.0380509020313364 2.0291206691706947
correction 2.512083624236173 1.9281026620466752 3.05822115701167 2.0339335934920957
prediction 2.563193792243302 1.9719026197463705 3.1189110644923748 2.046712738263512
correction 2.566353070996713 1.9716551578797585 3.141157977562157 2.0498875616379326
prediction 2.6349855698568967 2.0027132266972374 3.2502791526732007 2.070032977548871
correction 2.6380731822077435 1.9976936699466479 3.2739382790306415 2.0763955930465947
prediction 2.7416715493113775 2.044424033227404 3.3303304653447103 2.126150593983063
correction 2.7554446387155305 2.0653971904389734 3.3390926058190415 2.1438493539013215
prediction 2.890109921688159 2.140616450080491 3.3741170666866633 2.21739568603769
correction 2.8908014893353227 2.146354601515395 3.382746048095319 2.235763187068423
prediction 3.0307731474427477 2.215031361072168 3.408594789765641 2.3089921134342903
correction 3.0260466158768664 2.214215130749124 3.4156659580712985 2.329729403553855
prediction 3.167838276649647 2.263833107940487 3.440694091260025 2.4080758289260724
correction 3.1613429000241724 2.2542952932503075 3.444982104149534 2.4261562082496173
prediction 3.3115784819017664 2.2751706182454816 3.459164221605337 2.5038446962539465
correction 3.310555618182579 2.2650448788583026 3.461855086287242 2.52367612489426
prediction 3.44455363894001 2.2696568493810845 3.469659409808238 2.5991526609586475
correction 3.422617820996669 2.2679637423696684 3.4727846877678794 2.6203761543634365
prediction 3.5129442271735685 2.2836911818432983 3.479401335405722 2.7041460646885493
correction 3.4932381352722115 2.295124967311749 3.479877243185074 2.7237013967687473
prediction 3.5564245325927364 2.3253163679509177 3.477208708179684 2.8034877030962977
correction 3.544282891350503 2.330175832412006 3.475458401368028 2.823576394178866
prediction 3.593413918142498 2.3685474799695063 3.465718957035271 2.9026662215599557
correction 3.588484266630596 2.376677113935708 3.4612102682404045 2.9175837334106873
prediction 3.6396531704653716 2.439513249869928 3.441342858932613 2.9977720850788616
correction 3.6442977506352574 2.4526067108121654 3.4362799026173625 3.0172669343327785
prediction 3.7261506594298845 2.5541851767875916 3.409737454476879 3.091662602382187
correction 3.745055619547199 2.571723279572893 3.401674698428196 3.109821850438907
prediction 3.850013275848343 2.7001234069328235 3.363202228183417 3.1795388331194725
correction 3.852790005662553 2.704114374410183 3.352118047809293 3.1964786499542344
prediction 3.6297826241320417 3.4042748594456382 2.5350388612364396 4.112128648085754
correction 3.4078419368372868 3.7899785708064098 2.5354303417671433 4.128577002870032
prediction 3.011793308230943 4.536635187415172 2.5342028957140608 4.210506218365965
correction 3.09387961593894 4.212045700107075 2.533111074023746 4.2348267740737295
prediction 2.876453699461901 4.316284722663782 2.521859175919618 4.326144548126723
correction 2.901221871658588 4.200609732851339 2.517200629692192 4.346441717629395
prediction 2.652159988042839 4.253795894412694 2.5001203974826356 4.419226333829219
correction 2.6634645041290574 4.199762255382606 2.4941205099961152 4.438162340214303
prediction 2.39737987055114 4.168653333810862 2.4689835003157947 4.513895930145607
correction 2.407105990651023 4.128350507604799 2.462249968770648 4.533016873247089
prediction 2.1613225807110465 4.01112443100126 2.429865140189711 4.606819805879327
correction 2.1911361688782325 3.9888560009972216 2.422086974304027 4.625463015648152
prediction 2.0034417545652174 3.8207741911103157 2.3807356036306433 4.7392911083854425
correction 2.0381168730923473 3.819641514474761 2.3739593841200195 4.758156402205041
prediction 1.8997043785229364 3.7045775219809904 2.3569091926012318 4.81475632692381
correction 1.9236117371293746 3.7658985999413597 2.350917153347967 4.829086405546876
prediction 1.7085948309440002 3.9435978438423684 2.185827362570595 5.244228479773469
correction 1.6500819287788986 4.118821069024265 2.1889295087900935 5.265688716317916
prediction 1.5089340564087341 4.416265039539255 2.190261303524942 5.348847421901415
correction 1.6191543307156968 4.375982832963787 2.188689679099926 5.369012496087794
prediction 1.7009365622394734 4.603435174017064 2.1887867373041705 5.4704105133794245
correction 1.746726131862009 4.625977077928027 2.189997177800109 5.490497601500386
prediction 1.9230286138478008 5.033739351031868 2.2014048293291006 5.605093322729151
correction 1.9683913053814415 5.110756486419653 2.197116407982341 5.624744353790669
prediction 2.252078843405487 5.530198316637983 2.1842447574609585 5.714147301782921
correction 2.275837957818447 5.4575176847067635 2.185784707715623 5.73685433307378
prediction 2.6173989883569506 5.684960389366018 2.207796393075105 5.818358909600161
correction 2.6166191524780236 5.609106710461226 2.216180810475324 5.835737814420364
prediction 2.94163596577467 5.702092641226855 2.2598307252819096 5.8962917136825155
correction 2.9001287330826377 5.637256131126839 2.268655963643486 5.907101720790985
prediction 3.135211039798592 5.643509154439233 2.3215975740591386 5.9549450125645365
correction 3.0729741013343324 5.617331978059746 2.336223311929139 5.964286770004345
prediction 3.2128740313347546 5.599266717886463 2.391962529089507 6.0044348817281445
correction 3.162302110326321 5.598700728215501 2.404269041379222 6.016746456935473
prediction 3.240313638823989 5.596184526603474 2.46204153116365 6.077888153240339
correction 3.209321648372364 5.617748740445195 2.483569058176122 6.095164656900023
prediction 3.278496159373003 5.668507638068345 2.5402533724635434 6.146832053511127
correction 3.2810379901417326 5.703987088915238 2.5553954662109675 6.1639749135261415
prediction 3.3529255331195245 5.795171658069682 2.616381799861458 6.2419531192157205
correction 3.346104641926513 5.811411647522319 2.6267101156839843 6.261982640002111
prediction 3.3549667676192763 5.923385740983097 2.6517204773360747 6.342389227577221
correction 3.3218480454358774 5.940112241360571 2.6509994657643565 6.36052624245347
prediction 3.2398111497490327 6.083283179000395 2.6489565903668906 6.4387577303446095
correction 3.2101086325118167 6.096904321239418 2.6483387784297188 6.455619728167181
prediction 3.0721822294340018 6.243336735913386 2.644267303913292 6.508643345072441
correction 3.0623901332127224 6.237094542240286 2.6459167064950058 6.523699038179723
prediction 2.903414033672145 6.355676532438572 2.650365716727739 6.595681534817957
correction 2.9071034168694925 6.342177516977925 2.65082808932094 6.615894760045486
prediction 2.7446348760099926 6.4365841184304085 2.65585301841189 6.692380975825334
correction 2.75659508768541 6.427283625640945 2.6575738505465485 6.711115745636107
prediction 2.6001139109980556 6.5008078281082415 2.6474904754167796 6.795508033367797
correction 2.6144834256998295 6.490681682289111 2.646171486859526 6.814152812866146
prediction 2.4805328065308307 6.552821176635572 2.637328690589462 6.903469830989764
correction 2.5039366464156276 6.55335621853644 2.638870899427154 6.927421695985687
prediction 2.408538948012642 6.624686914662864 2.6556095612191557 7.001888151128927
correction 2.4322029205386886 6.63160669635149 2.6614247133986857 7.015141536693784
prediction 2.37927602198715 6.697523371995759 2.6821371456692034 7.051248409910153
correction 2.402971403990406 6.69194097833684 2.6857501102059915 7.056092924023026
prediction 2.3868820084901263 6.7323338756755575 2.6917399910712922 7.063920663488521
correction 2.4014533071508626 6.724843677098105 2.6926464115623676 7.065941939515551
prediction 2.4062354128818626 6.7489966826594605 2.697362729745832 7.067900328196241
correction 2.4128627650818717 6.746864884674753 2.697880088840085 7.066954958759769
prediction 2.429669770484639 6.76206998919308 2.69985901538245 7.071766454988225
correction 2.4312910917065986 6.761132812922105 2.7029900899266917 7.074898754079648
prediction 2.4522564120493016 6.773884579523602 2.726827278469495 7.0985269399360265
correction 2.449038126653313 6.778477109960115 2.735351245950268 7.10745911074765
prediction 2.4658043592053414 6.801873021748269 2.771337722014212 7.1494433786119735
correction 2.45932114930443 6.810975245392527 2.7788265537206667 7.1592641214898425
prediction 2.477563885898509 6.849332048219014 2.8090859059839293 7.19991894585086
correction 2.477107957733285 6.858006575351194 2.8148487659727355 7.208387229147441
prediction 2.4965874041505938 6.923302696342789 2.840313298398495 7.256042214072824
correction 2.4909201475395566 6.939921773197583 2.8469458872184092 7.270411762130701
prediction 2.5013588769363566 7.031744060003433 2.868843700631022 7.3286754448492974
correction 2.4954241907249473 7.038777335687723 2.8741852740962504 7.344980732752027
prediction 2.4989682156703217 7.139851325727102 2.8946548505150553 7.393587365089809
correction 2.494364060121853 7.142573448573311 2.898291095093715 7.4013034518959895
prediction 2.5187625014747987 7.2316400020517495 2.9144492232708807 7.424924360262278
correction 2.5331434051614434 7.219137699243363 2.9172114841597074 7.428936600376628
prediction 2.5819477058320146 7.2812597416432645 2.919175157768498 7.433868121423988
correction 2.5829755944247226 7.2704026508866875 2.9184173855343842 7.433397126894137
prediction 2.6841676300450343 -5.996772216302114 -1.3958121953404858 -6.000144726239296
correction 0.13655664606732554 -5.641306236939047 -1.3958167505000474 -6.00014346023815
prediction 0.08553855751672326 -5.63096655804437 -1.395824404927417 -6.0001668696602115
correction -0.6822779259236044 -5.521772624289767 -1.3958240670958524 -6.000179694865502
prediction -0.7757998212147563 -5.461512038723701 -1.395857512146841 -6.00023225080936
correction -0.9976542474337896 -5.403619258519091 -1.395889976919511 -6.000248584741642
prediction -1.0783881911243889 -5.2325010591956955 -1.3958238288201308 -6.000204048388941
correction -1.0659863755609993 -5.180357714770354 -1.3958239754318373 -6.0002031545466075
prediction -1.10578122654754 -4.954260648484814 -1.3958199640847049 -6.000229510599377
correction -1.0257942850583524 -4.961754374932013 -1.395818982389613 -6.000243293303453
