-1.1847080407942654 -5.993018306766106 -1.390910945752928 -5.847343578090339 0.0 0.00011388133783739333 0.0 0.0001611601037186891
-1.1800441627621057 -5.809790311039889 -1.3909118982527708 -5.84736939493914 0.0004572429443293847 -0.0002534193573907582 0.01796352899276634 0.00011716684135373762
-1.17978244992127 -5.754897425759144 -1.3909270713377762 -5.847431027087292 -0.006827886039740919 0.00037046895102355807 0.008331724516394832 0.0002706809526493118
-1.191053458965724 -5.764856183208616 -1.3909161168814606 -5.847412109814684 -0.07004068513949026 0.00037061307176236384 -0.1537689310591685 -0.000483302344178225
-1.2086556137627527 -5.813337025335248 -1.3903123909999804 -5.840300118582209 -0.08545026323043935 0.10427159176292548 -0.2489928238300569 5.270617858510809e-05
-1.2460247655161147 -5.892506449867068 -1.386367338278221 -5.783876535975665 -0.2096111041405386 0.3431807972401048 -0.3938595766066237 -3.924467570283127e-05
-1.2399661618744051 -6.004393096271432 -1.380686444545449 -5.665097202531421 0.1015517066322773 0.5019654669614267 -0.5566804931846218 -0.0003782752343473479
-1.2242724144255246 -6.063923269323727 -1.3797808644615643 -5.565077412703635 0.04308820062252608 0.4993686209115688 -0.19322170623508544 -0.003080083419837022
-1.2122439736709536 -6.072383589196553 -1.3880332901237245 -5.465511479430659 0.06668196342550764 0.4966900497536826 -0.019671442056457746 -0.011336074041536484
-1.203838493479354 -6.059826344762833 -1.4123879622178164 -5.369851967973761 0.0389565207734705 0.545188500564718 0.08128555085219998 -0.042780312945795096
-1.2056242139848963 -6.039098467824554 -1.4458312770627508 -5.269326922603139 -0.013133131994572824 0.4742107975878226 0.12336693472779937 0.006907686848407424
-1.2246492220549194 -5.9852380827207545 -1.5088111573222418 -5.189653797686085 -0.10666845188888995 0.49748852938859556 0.33249718397858724 0.13048054664526473
-1.2925712784789427 -5.891166534043298 -1.5663857586543628 -5.138984544191856 -0.38925719590215285 0.3235590918166731 0.5216864179812828 0.12648951269282158
-1.3714643832787885 -5.786377202123358 -1.6303118341118128 -5.0939275103887836 -0.3766588307390525 0.35522443768025336 0.5456540520537986 0.11377296935921366
-1.4506926602815662 -5.670534696997056 -1.6696634169279674 -5.0586665017122705 -0.41389097829922733 0.19006819536336006 0.6277086712634958 0.054989866121347486
-1.5037242085305567 -5.522463079989761 -1.696983771031686 -5.02962081210537 -0.24406021435240574 0.2769208552288169 0.8072174127634086 0.09421616622206501
-1.532723292125025 -5.3771391925968794 -1.762122360104013 -4.9699170085937086 -0.15252429610459142 0.31797757462238274 0.7356650265716224 0.14727966794298264
-1.588315090313355 -5.259432973329368 -1.791770671630492 -4.910011246625571 -0.3317696843430445 0.4862908115155733 0.6001629138239302 0.11987423793543132
-1.6297046382840825 -5.151749829077016 -1.8304141222182733 -4.816527302478877 -0.16792700323491377 0.4495784106380859 0.574306083422253 0.022857564530412197
-1.6814297629454176 -5.0658549151880266 -1.8540557446753543 -4.716769475097055 -0.29867292058358236 0.5204681207820694 0.426053586213472 0.07143481386209746
-1.729812563439462 -5.031515243240457 -1.8542297267766539 -4.615484230952566 -0.221903954406454 0.5030399638205024 0.13907652250621905 -0.019083626419529768
-1.781691056646024 -5.020882558658459 -1.8493904460056347 -4.515699895525906 -0.27750807526545807 0.49835261034663286 0.06391365290180899 0.0038187997144885494
-1.815991737866812 -5.01282725880516 -1.8372021481946332 -4.431427105454148 -0.14364490676920127 0.4344187060045458 0.03687392928546638 0.01834700852649563
-1.832629714379639 -5.00372473383591 -1.8280015393705353 -4.32709072139801 -0.08014302486938098 0.534458687841113 0.03458487705583421 0.03248397741332981
-1.852173257907609 -4.989735775251738 -1.8033029129497131 -4.229350626115693 -0.10686071387797282 0.4841403613682393 0.059648539553852374 -0.024361749683906114
-1.8562620169170112 -4.963680277638124 -1.7784810344851045 -4.145775786665033 0.008854513295525468 0.4513902389182953 0.1271321876967164 -0.005712991077938337
-1.8667016049598484 -4.923178508951254 -1.7438568651724706 -4.054834024089095 -0.06914003217985273 0.49697995787082616 0.20021270926546536 -0.05255853490555577
-1.8631533745289108 -4.857430340626431 -1.7107891705776712 -3.9600172101566207 0.054760544138762 0.5025296633065552 0.34449819225546924 -0.004733996387993877
-1.859373940021298 -4.765574760422624 -1.691691038666361 -3.868133512724526 0.010148712899543996 0.410701615424223 0.4724511216522802 0.07707496337095449
-1.8682500798951185 -4.64716493684097 -1.6731457885169856 -3.769420150732544 -0.04519390254914899 0.5373069768532338 0.6153649930325519 0.07973534828416565
-1.8748595724274058 -4.505731865160833 -1.641792332534804 -3.6694388089901695 -0.015394703822197053 0.5062315581691469 0.730827795138823 0.013458119277830333
-1.871761844327769 -4.353609636607052 -1.6116532946699926 -3.588310312828947 0.02846695409497004 0.486097649931706 0.7782929453598094 0.02844086151181191
-1.8566041650240555 -4.209259593101394 -1.5620649062913878 -3.4945306385748127 0.0897510953275264 0.5238215118663623 0.7287465903952104 -0.013570574937006807
-1.8249325207015876 -4.075840749024109 -1.5101436632714922 -3.408519589958275 0.17708079160161172 0.3936680878572753 0.6827997605437217 0.006837598382077342
-1.7910656292034324 -3.956048058104802 -1.4414815138347667 -3.3360154194653027 0.16876144635795734 0.4997808907824376 0.6064243751946377 -0.13933781415414684
-1.7563500797317924 -3.8736534916158862 -1.3698744985326814 -3.2627887886999347 0.18650051702830162 0.49710720596827873 0.38767223235070813 -0.07935462400038218
-1.7234987996272868 -3.8217216321072414 -1.3064713173359064 -3.184856899647171 0.16989474188634937 0.3678598481203738 0.2558243140324363 -0.054007787318313266
-1.7045142172251546 -3.7608108427156632 -1.256618021008195 -3.1015632529198403 0.08894591017036872 0.5500360256574722 0.32891071121420085 -0.05067170994824158
-1.692575417022587 -3.678887322623655 -1.2084229140554197 -3.010237914452967 0.06854032769693902 0.38456319123224 0.4157550301308166 0.03310835780363115
-1.6707079618746776 -3.551470152968393 -1.1778451098046059 -2.9184738711926004 0.1277099730837977 0.5208960167174318 0.674695368067801 0.019096704698677913
-1.6427037690831159 -3.4052283692668097 -1.1446999673254896 -2.8218887164901205 0.14119506523466102 0.5063342287973299 0.7183965203814691 -0.007637731784767482
-1.5944902793837232 -3.249578309612371 -1.1325727773072354 -2.7410631802154652 0.2675006356745934 0.4249939977679383 0.792516837374352 0.13409562796359156
-1.5124921685942219 -3.0906755374923107 -1.121648277092623 -2.6281046121909912 0.4404824061607494 0.5900859360959312 0.8015218692590017 0.07576827683007457
-1.4244350362159368 -2.9256046187603224 -1.097702789762871 -2.5216364041557573 0.43452786415220324 0.516491609780297 0.8471550043855912 0.028678187754597004
-1.3339894250084592 -2.778603109005972 -1.0773487171767846 -2.423614985441445 0.4714985332921427 0.4910137961624458 0.7208540121689798 0.08017431366796189
-1.2500258070772259 -2.6542523758226597 -1.0694248856251523 -2.3310119645325913 0.4225927333954946 0.41552342087270655 0.6232439376061437 0.19081712204411083
-1.181103576752385 -2.553530120658666 -1.0666871180057618 -2.2169471094590425 0.3469928161161678 0.5580931943709422 0.4936060018775865 0.1675698576070241
-1.1291333094600877 -2.4442215992453287 -1.0308771703606274 -2.1274293917139797 0.25939730989114523 0.5082786557213493 0.57501503855525 -0.0331971573033043
-1.1202798531008071 -2.349175706770153 -0.9675938364506088 -2.0461939964852736 0.006482532904585513 0.5073526098490966 0.4410010446563043 -0.05594131459251858
-1.143157364321692 -2.2662736972793587 -0.9021196540167249 -1.970375325123875 -0.12284941972335056 0.5027062265764803 0.4116115477143269 -0.04261650044734558
-1.1806871321766637 -2.1912832929049455 -0.8334182986469951 -1.8958777988415016 -0.20155646028934987 0.5110698856757708 0.35995688050176977 -0.05421520282289685
-1.202426879932411 -2.120289728526132 -0.7689655356248349 -1.8162821639691753 -0.09731792076577751 0.4888148856685346 0.3462540935340382 -0.02393144209119824
-1.2037827755318973 -2.0458970283650446 -0.7109049185190579 -1.7367251680952986 -0.015508067725040302 0.5029785976908008 0.3665568236801056 -0.020880596592130096
-1.2029274821261473 -1.958882734427351 -0.6616107936678297 -1.6556843297324686 -0.019247581916368307 0.351577319490476 0.4375234185905565 0.04779860080150833
-1.1920671699302658 -1.871777848098239 -0.6256847327836763 -1.5814644237458553 0.05797934666930214 0.5585971339756243 0.4177818084925959 -0.0287789671609138
-1.1647982804348185 -1.785481927621073 -0.5742171859150312 -1.4899883519401507 0.1409213063769411 0.4749425117296796 0.4282973550198681 -0.0005955052368452063
-1.1134265331660906 -1.6863368376649281 -0.5358366834680847 -1.4018366096505441 0.2752430995866399 0.4958915231945766 0.5071946063421675 0.0006387250282169632
-1.0459874297923482 -1.5723891103816097 -0.4989004488438371 -1.3091977876092222 0.34382913827606076 0.4988066512163427 0.5763341385817452 -0.001371966617787157
-0.9617666803786975 -1.4584018548201538 -0.4753000269457669 -1.2244924577085328 0.4433270793792943 0.5132671374769868 0.5626567517373036 -0.03596096983615052
-0.856817059930335 -1.3605287507519335 -0.4219596898196462 -1.129382240718178 0.5517687241897928 0.5372868925465019 0.4754338802632076 -0.07426441498406536
-0.730504293863321 -1.2608302098331647 -0.37747853430213835 -1.0427636727804246 0.6619348696902215 0.4878438489854409 0.5165814090835281 -0.03956109153870663
-0.6098754502855265 -1.1800556125180561 -0.3267226654941619 -0.9546788177909912 0.6023367825802657 0.49627349598259096 0.3754510766008127 -0.05627074140860508
-0.5003237322317146 -1.1111512285007723 -0.2780381852618944 -0.8832893270281436 0.5644086203901427 0.42348852791452635 0.34820030906338206 -0.07135048058897048
-0.4174216136463608 -1.0499652635465817 -0.20776587888727452 -0.8071389879236454 0.40452217975030963 0.4816379114510471 0.2950186656577641 -0.02772599235171616
-0.3443961663880082 -0.9777363627291893 -0.13781169741167754 -0.735907977086733 0.38697498227160193 0.5001953930887276 0.37523020465571516 -0.024784999316364326
-0.26682821854245253 -0.9204502047061163 -0.06444013541234843 -0.6691773889754149 0.40103619153385905 0.5264023958313084 0.24866299950868903 0.007040312926576142
-0.17878596207348885 -0.8637661953800191 0.01390161947727172 -0.6071315774266413 0.4531475994629483 0.49361459480926834 0.2932657822309986 0.05093704494110135
-0.12333054433255125 -0.7871738315610471 0.09720904283794818 -0.5508356790634573 0.22972071330245009 0.5183997126064672 0.3941925517765277 0.05669536326388233
-0.1110420746131344 -0.6840940426875852 0.18092805756307712 -0.5156784375702148 0.036391909113749586 0.5212378686376418 0.5298360547010151 0.027842323738881514
-0.12150372310765116 -0.5828399442945701 0.27621880023757667 -0.474184099176615 -0.06379419971832875 0.5019163607338729 0.48550942438974687 0.051258205109253524
-0.1506500353392233 -0.48459986064249455 0.37214801411374837 -0.448202733251268 -0.17311421872205948 0.49364891146205414 0.49840307910041465 -0.0002681024219848699
-0.1708354239699603 -0.3556515065113198 0.46939358822938243 -0.4418119763383779 -0.09683861993483658 0.3611388515774549 0.6875537042677201 -0.11961409220158001
TARGET LOST
0.871828141564128 0.17420800756032545 1.7709050152263999 -0.5066724033656733 6.537832809297342 0.5412294906277496 3.143306318997888 -0.01617384508212509
1.377943945689862 0.25779156162149697 1.85679405375992 -0.4739380464499274 1.0010678571489786 0.4178088554838219 -0.44534693125879943 -0.027377099132992133
1.478748749334122 0.11590447610516041 1.9572260137000026 -0.45291028138147066 0.9253105168389971 0.4856184724946104 -0.43999287347820565 -0.15235466087864905
1.6823120432662793 -0.03022105300545993 2.0930410486400377 -0.4127022870212613 1.2341065856999005 0.5166422794487956 -0.754359288143297 -0.13115517852074113
1.8339434672389288 -0.1786215367740289 2.173874412710877 -0.360362846113085 0.6709386009698178 0.48435272583893674 -0.7564566667455305 0.00014948830839750515
1.9577737067851755 -0.31719702345896095 2.256742572956278 -0.2825802899363282 0.6643151548874505 0.5158763711683225 -0.74785502385516 -0.023766391111576773
2.0520435405581647 -0.4372684177770895 2.3597459483945515 -0.18738890874153513 0.41888191569326494 0.5026050943165349 -0.6432511668808972 -0.06442547849869662
2.1093649962316796 -0.4944527607339646 2.4261443451747913 -0.11850531411227172 0.24846125719321932 0.4775924688905102 -0.2759776526337547 -0.06439891270571313
2.1655664299677797 -0.5189248205860193 2.4934411456324894 -0.035973947169686965 0.2699427330173693 0.48077044955911796 -0.1708461339038146 -0.07771746803351778
2.2351084296864756 -0.5349804947665749 2.538618677055671 0.05127824494148164 0.3251400452320437 0.4895090770762192 -0.10393733222242531 -0.03329924445789062
2.2961852901710675 -0.5286510636503625 2.5574337263046973 0.14323542972559503 0.25390151495745256 0.37030295494444704 0.043725002882442826 0.14428873106029502
2.332337185607378 -0.49254456577127337 2.547543482695521 0.24568215101094784 0.13069833181506338 0.5387290253695376 0.19944358835313922 0.006968933838174641
2.3518843142622874 -0.45015275337553673 2.5533812207142104 0.34096540467198727 0.06674022594872614 0.4687456009757072 0.20805093494464383 -0.05101925556466764
2.3798578959335606 -0.3992499113015238 2.542660336323056 0.4273072928655333 0.13187774445357817 0.4930952106832796 0.2795284252634266 0.07517625817341743
2.4180546176199114 -0.33268389535313336 2.510539386315861 0.5228000805902276 0.1691664241710237 0.48068557981011617 0.36008077065864913 0.13468851667559828
2.475813862233011 -0.2552207734003819 2.4778200007596043 0.6000479370347219 0.2879073188394849 0.45227944917819257 0.4087791746965669 0.1466224868598533
2.573968226823239 -0.1850542287220423 2.4290225099212175 0.7003417748215252 0.5117616256993408 0.5451916462250218 0.35473354603975144 0.1990945004672216
TARGET LOST
7.703443591885367 2.9672743802912125 2.377768075094779 1.0845637709755112 32.04264554122796 0.5074093532344551 19.727511550329957 0.045821933974390855
4.386189036441417 1.3468116157879049 2.3764512219941203 1.181753973115601 -31.294012515079984 0.3137848876879127 -16.59320480541306 0.014050798418677644
2.168970627103609 0.25147914658458337 2.3985781577923357 1.273175334871453 -0.533194014303361 0.5278014486213828 0.5003888080259341 0.005785028239018469
2.475306314474398 0.5708333013466569 2.427670070504408 1.3702408196497562 -0.12803974736793755 0.4951212477852675 0.7383373155809665 0.02057530342760197
2.602380413451691 0.8255537828552746 2.452834055738352 1.4585987803547307 0.011249288770911997 0.5402637057514361 1.0034761868513544 0.009470712153229421
2.62248376684705 1.0356012130217631 2.5016836119893275 1.5492677996963053 -0.16209647444552389 0.5024840808334048 0.9260246581259389 -0.02184105957626528
2.6160763420790376 1.223192949813219 2.557111029504115 1.6340808714403703 -0.06526729001441323 0.5042971758595202 0.9359849456154489 -0.013587613199849052
2.581631719557688 1.381473642566647 2.6060531617050247 1.7088851536147265 -0.21952660685745834 0.5620067462104241 0.7799829095587794 -0.020711319606518508
2.52571457181261 1.5084960842777355 2.6750362190459382 1.790902633786029 -0.2768348408648959 0.503210144652413 0.6424462470706972 0.024794534122935613
2.4795218495219227 1.6271537377138403 2.734277168900955 1.864816050142622 -0.20474396840080403 0.4849295208862955 0.6184893223844947 0.044511332625629174
2.454228087230654 1.7254513860638014 2.809104162401318 1.9292897886055391 -0.10620699994979452 0.4748555745670254 0.4771233554160784 -0.04761847686404408
2.4519953753044335 1.8074561625274634 2.896757508292056 1.9800280425246501 0.01003257101533903 0.48008426429401535 0.4106500349094006 -0.08823115763612549
2.473055795920269 1.8779634648170078 2.9816975488476065 2.0124000737929584 0.12851438619915692 0.45158941550507603 0.34245113545741035 -0.16017761962121804
2.512083624236173 1.9281026620466752 3.076771817938705 2.038357500530773 0.21619230950725815 0.3947719432205848 0.2250779490360606 -0.1845301224572928
2.566353070996713 1.9716551578797585 3.166966532859153 2.053514438530781 0.2975171756689118 0.5445166964923289 0.21271736225046153 -0.41352391801229493
2.6380731822077435 1.9976936699466479 3.292504826603288 2.0827740638165215 0.3913564614944817 0.4265675667895452 0.09371996703132385 -0.2392039156971229
2.7554446387155305 2.0653971904389734 3.3477120707314723 2.1622959699240076 0.655996112276173 0.5090508238906607 0.390895815387194 0.05592145506605359
2.8908014893353227 2.146354601515395 3.390956550711244 2.2540260527846088 0.6912275672488781 0.49951204988600345 0.3660332990032845 -0.008251703340185546
3.0260466158768664 2.214215130749124 3.4223014935856972 2.3497509815714954 0.704587530573042 0.5235221020728301 0.3200605448099035 -0.02011772570165199
3.1613429000241724 2.2542952932503075 3.448873696565516 2.4450392737322866 0.7079675128091837 0.48309962740424894 0.16824630300306653 -0.008962043360443817
3.310555618182579 2.2650448788583026 3.4640203935646907 2.543505287477762 0.7935439900843337 0.4980180141502878 0.03214872441574697 0.005389681334556279
3.422617820996669 2.2679637423696684 3.4757338459322065 2.6432562104559096 0.5283294461420625 0.5778646548323711 0.012573417174264322 -0.041976847211519425
3.4932381352722115 2.295124967311749 3.479868598304574 2.7435833620054635 0.3586683564365743 0.4984402824032941 0.15413891781359737 -0.00896517429338908
3.544282891350503 2.330175832412006 3.473347015035351 2.8435169309269304 0.26317338179529315 0.49959965784995275 0.1517863003823428 -0.005979577657089764
3.588484266630596 2.376677113935708 3.455759378836805 2.936301532787622 0.22406773889789033 0.48249273061251574 0.23864072611665266 0.018878002726561538
3.6442977506352574 2.4526067108121654 3.430633618351532 3.036274715560182 0.29145513648117216 0.4930426982953834 0.4005285412801465 -0.03189377082486933
3.745055619547199 2.571723279572893 3.393006102893602 3.1279382398261926 0.5426789218869856 0.5033065550127528 0.6297328258314585 -0.016416980436668477
3.852790005662553 2.704114374410183 3.3405461444005353 3.2130444762284336 0.5091896738159516 0.504148446964964 0.6575627646588843 0.0067133441714568864
TARGET LOST
3.4078419368372868 3.7899785708064098 2.5355541015342635 4.144460310631394 -2.922462916105086 0.4161401034035183 6.662418584246665 -0.11445430666345613
3.09387961593894 4.212045700107075 2.5311979219051564 4.258431036157989 -0.9702657869813818 0.574230164554353 0.5362174028156493 -0.10864991639108021
2.901221871658588 4.200609732851339 2.5121019524289303 4.365907712728895 -1.1835486589355961 0.49999175820674 0.41068969116193954 -0.0116384997912575
2.6634645041290574 4.199762255382606 2.4870267611534413 4.457730895881247 -1.297738941500451 0.5238590306067643 0.07657022555254148 0.030122175147970387
2.407105990651023 4.128350507604799 2.454369366643221 4.552120123896155 -1.3550790347616144 0.5052207529471734 -0.4209271343495404 0.046704612892993214
2.1911361688782325 3.9888560009972216 2.414400152604876 4.644212605830922 -1.078145641574987 0.5055318063123031 -0.769714955391296 0.039032734669966346
2.0381168730923473 3.819641514474761 2.36669394100024 4.776770761940015 -0.770176161405625 0.4979494939931355 -0.9120381036832149 0.034317110018525776
1.9236117371293746 3.7658985999413597 2.3435528050007486 4.845724427389978 -0.5942146181435272 0.4535650961967281 -0.1879847555811599 0.04517275341141336
TARGET LOST
1.6500819287788986 4.118821069024265 2.1917046583755413 5.287299381669487 -1.6042535198214054 0.5438999854512836 2.1096140110258297 -0.05504173572923424
1.6191543307156968 4.375982832963787 2.187891880842473 5.389372889848731 0.28375536998921425 0.5073004064019425 0.8315750213779933 0.06324817447873192
1.746726131862009 4.625977077928027 2.1910573502101154 5.510523500636651 0.5718636332688639 0.4964539477394379 1.4615554500319585 0.06750997243918797
1.9683913053814415 5.110756486419653 2.191170630494944 5.64722850585384 1.228605511001634 0.4882189271907644 2.679640550256786 0.29547199943512953
2.275837957818447 5.4575176847067635 2.1891596886944753 5.7587621822644115 1.627881668225102 0.5383730978854825 1.454784019885148 0.11750794170578839
2.6166191524780236 5.609106710461226 2.224627791495485 5.8516445359592435 1.7870849269511297 0.43405720370731493 0.7570301246777105 0.0014434973653550398
2.9001287330826377 5.637256131126839 2.280131465815854 5.920197230660727 1.4288213438144022 0.4530106805666896 0.1193103278161951 -0.09067791158222932
3.0729741013343324 5.617331978059746 2.3517052274005503 5.973640886011367 0.870628666863839 0.4011586578458707 -0.07838786644080503 -0.21865183714665015
3.162302110326321 5.598700728215501 2.415326732108009 6.030127664198966 0.4866263857779224 0.41359587633874423 -0.10273192760661407 -0.061226510616031043
3.209321648372364 5.617748740445195 2.505130452480306 6.112670534679722 0.26790677200505786 0.6043909864947709 0.09536994476242666 -0.30422066907869005
3.2810379901417326 5.703987088915238 2.5726536148082633 6.1829575041398055 0.4259364748774371 0.5989995112256479 0.4415053022474811 -0.2717928241752005
3.346104641926513 5.811411647522319 2.635391678970737 6.282048170779725 0.2873086967747116 0.5392581526453855 0.4837455778552754 -0.08683573587583972
3.3218480454358774 5.940112241360571 2.647738875335026 6.3795502743004935 -0.2260250632472565 0.4667826682126897 0.6498021324363683 0.1600950627942292
3.2101086325118167 6.096904321239418 2.646374682669696 6.471643000750023 -0.6188616339425659 0.3912565203815506 0.7931507229448085 0.07939535133360295
3.0623901332127224 6.237094542240286 2.64649472867031 6.541573445823428 -0.7684852158922236 0.4670164478313895 0.6660208475909621 0.029641336717842293
2.9071034168694925 6.342177516977925 2.6523188202369194 6.634152548752211 -0.818230403310039 0.4869818279750414 0.5086563841254303 0.04128180919011346
2.75659508768541 6.427283625640945 2.6596676711123766 6.730456715199317 -0.7965825301103948 0.5016115915718027 0.42773260204346575 0.05478090025661205
2.6144834256998295 6.490681682289111 2.642929018889109 6.835511581630986 -0.7563680188337513 0.511666358297479 0.2991508646100905 0.24830908731636908
2.5039366464156276 6.55335621853644 2.641795169120104 6.948764791206645 -0.5638196328067243 0.516285493142343 0.3226857255433097 0.10855031196398957
2.4322029205386886 6.63160669635149 2.667261513444738 7.02658783567207 -0.3706240864586649 0.3124614575266626 0.39633312233201085 -0.008523817740806364
2.402971403990406 6.69194097833684 2.6881603657752198 7.058792563762631 -0.13908570755346034 0.0768318193706162 0.2582256853295074 -0.016873257077258546
2.4014533071508626 6.724843677098105 2.6928935127922986 7.066766246742195 -0.009780468326911783 0.017657398252914944 0.13952055471521435 0.0052483960364768795
2.4128627650818717 6.746864884674753 2.6974686605690565 7.067964595580826 0.06307202832058902 0.012828936614531668 0.10024982278792724 0.021681359314049145
2.4312910917065986 6.761132812922105 2.7073001144950597 7.07909632062926 0.10633633425447013 0.15688051288626237 0.05102763663277629 0.0004780787797450392
2.449038126653313 6.778477109960115 2.7447707928168987 7.1177157733931224 0.10066035743691222 0.3551562516086777 0.08028090231600851 -0.0050788837471201775
2.45932114930443 6.810975245392527 2.787643292980753 7.170546300306378 0.06165044667762583 0.3660300183303121 0.1611915840074909 -0.016629194719575524
2.477107957733285 6.858006575351194 2.8207818145913586 7.21817979690802 0.12040057646801168 0.2925708792060756 0.22953677352977844 -0.00797696966622971
2.4909201475395566 6.939921773197583 2.8534014156957026 7.285196612537678 0.0697158893787315 0.4051931919374731 0.43714254005572445 0.000543741224916211
2.4954241907249473 7.038777335687723 2.8798728084635408 7.3606599442548415 0.02977265832281026 0.4049267957080737 0.48688589745868205 -0.0037547563751449964
2.494364060121853 7.142573448573311 2.902208506673311 7.407835103044624 0.0018671223277334256 0.18101594517381048 0.5261009606772139 -0.048019173894595577
2.5331434051614434 7.219137699243363 2.919009880375437 7.431825838175353 0.2539879100910255 0.07436791488455523 0.35424463350325064 -0.01564754776768749
2.5829755944247226 7.2704026508866875 2.9177613045560147 7.432966412736855 0.23490356024469103 -0.015791361139066026 0.2580138789618264 0.011432662821313697
CAUGHT
2.6841676300450343 -5.996772216302114 -1.3958830207556747 -6.000167797851504 0.0 0.0003091487687774464 0.0 -0.0015472931239329465
0.13655664606732554 -5.641306236939047 -1.3958214404411502 -6.00014512587805 -0.24976578274291264 -5.0942455961271704e-05 0.03484960581990853 0.00012880001067148387
-0.6822779259236044 -5.521772624289767 -1.395823550433125 -6.000195270179077 -0.4605568401527688 -0.0003988654865566633 0.09701005685436853 2.9061321762024846e-05
-0.9976542474337896 -5.403619258519091 -1.3959946731744604 -6.000254544438012 -0.5657793626818564 0.00013646271938155683 0.529372790830061 0.0031750932386278145
-1.0659863755609993 -5.180357714770354 -1.3958232871911702 -6.000205315850536 -0.23498536103087564 -6.72347297102897e-05 1.2094525367835902 1.0476387277371924e-05
